0.0444222	0.0444222	0.0444222	0.0444222	0.0444222	0.0444222	0.0444222	0.0444222	0.0444222	0.0444222	0.0444222	0.0444222	0.0444222	0.0444222	0.0444222	0.0444222	0.0444222	0.0444222	0.0444222	0.0444222	-0.333333	0.0444222	0.0444222	0.0444222	0.0444222	0.235154	0.0444222	0.234553	0.0444222	0.0444222	0.0444222	0.0444222	-0.333333	0.0444222	0.0444222	0.0444222	0.0444222	0.0444222	0.0444222	0.0444222	0.0444222	0.0444222	0.0444222	0.0444222	0.0444222	0.0444222	0.0444222	0.0444222	0.0444222	0.0444222	0.0444222	0.0444222	0.0444222	0.0444222	0.0444222	
0.0888444	0.0888444	0.0888444	0.0888444	0.0888444	0.0888444	0.0888444	0.0888444	0.0888444	0.0888444	0.0888444	0.0888444	0.0888444	0.0888444	0.0888444	0.0888444	0.0888444	0.0888444	0.0888444	0.0888444	-0.288911	0.0888444	0.0888444	0.0888444	0.0888444	0.279576	0.0888444	0.278975	0.0888444	0.0888444	0.0888444	0.0888444	-0.288911	0.0888444	0.0888444	0.0888444	0.0888444	0.0888444	0.0888444	0.0888444	0.0888444	0.0888444	0.0888444	0.0888444	0.0888444	0.0888444	0.0888444	0.0888444	0.0888444	0.0888444	0.0888444	0.0888444	0.0888444	0.0888444	0.0888444	
0.142198	0.142457	0.143911	0.143549	0.148257	0.133267	0.133267	0.133267	0.146058	0.14616	0.133267	0.150033	0.133267	0.139966	0.140892	0.133267	0.133267	0.133267	0.133267	0.133267	-0.243809	0.137433	0.141615	0.14189	0.141365	0.330285	0.139997	0.327957	0.140271	0.139763	0.142365	0.142838	-0.240667	0.142608	0.13818	0.139021	0.142768	0.133267	0.137148	0.136314	0.141225	0.1382	0.141437	0.140738	0.142244	0.13917	0.137337	0.138676	0.140428	0.134881	0.133267	0.135417	0.137108	0.135546	0.139896	
0.177843	0.174561	0.177481	0.176692	0.183754	0.157462	0.143073	0.147216	0.182034	0.178033	0.144813	0.188379	0.150392	0.170458	0.171074	0.153668	0.148751	0.156629	0.155508	0.156993	0.160061	0.165706	0.172617	0.173022	0.172169	0.168508	0.169498	0.167091	0.170113	0.169999	0.174148	0.175092	0.165028	0.174353	0.166663	0.168221	0.174244	0.159368	0.16532	0.16461	0.172132	0.166872	0.172298	0.171092	0.172975	0.168053	0.164913	0.167355	0.169513	0.161691	0.157516	0.161896	0.164925	0.162792	0.169913	
0.218612	0.207712	0.212732	0.211436	0.220659	0.180845	0.143073	0.162758	0.221239	0.207408	0.277466	0.229868	0.282911	0.201888	0.200435	0.174069	0.164323	0.17991	0.17775	0.180731	0.187053	0.194186	0.203687	0.204138	0.202973	0.196279	0.198361	0.198194	0.199539	0.201287	0.206748	0.208258	0.192901	0.206607	0.194818	0.197302	0.205344	0.187336	0.193788	0.194253	0.203614	0.195439	0.203226	0.201347	0.202546	0.19599	0.191662	0.195317	0.196702	0.189222	0.183075	0.187719	0.192529	0.19063	0.200447	
0.251774	0.232467	0.238136	0.23691	0.242876	0.20495	0.153486	0.177384	0.249525	0.220783	0.492987	0.255669	0.415938	0.227159	0.42727	0.19447	0.179922	0.203168	0.199991	0.204475	0.213695	0.218573	0.226443	0.226623	0.225679	0.217058	0.220364	0.225285	0.221724	0.226393	0.230521	0.232272	0.395744	0.22997	0.217935	0.22056	0.226762	0.216144	0.218545	0.221586	0.227232	0.219044	0.22613	0.224097	0.222548	0.217361	0.214002	0.217758	0.215736	0.215779	0.20886	0.211049	0.215912	0.216505	0.224334	
0.257537	0.234927	0.240597	0.239974	0.244104	0.206901	0.274672	0.175959	0.34109	0.211824	0.710229	0.259596	0.399302	0.228819	0.527498	0.19447	0.180031	0.20307	0.199991	0.204492	0.214854	0.218839	0.226546	0.2266	0.225679	0.215018	0.219968	0.22755	0.221041	0.227625	0.23155	0.233607	0.395777	0.231235	0.217565	0.220359	0.226202	0.218812	0.219033	0.223819	0.227781	0.218918	0.226516	0.22397	0.220799	0.215415	0.212974	0.21734	0.212948	0.217707	0.210167	0.209946	0.214928	0.217419	0.224408	
0.256888	0.236907	0.241009	0.241595	0.243655	0.211468	0.405443	0.171645	0.429349	0.20486	0.710385	0.345723	0.399848	0.22961	0.522087	0.19447	0.180053	0.203052	0.199991	0.204497	0.215116	0.218896	0.226575	0.226595	0.225679	0.214224	0.220671	0.227985	0.220804	0.227801	0.231773	0.234031	0.395825	0.232226	0.217725	0.220286	0.225943	0.219513	0.219201	0.224622	0.227753	0.218896	0.22695	0.223945	0.220286	0.214267	0.213051	0.218171	0.212608	0.219462	0.210325	0.209404	0.213812	0.21759	0.223635	
0.253462	0.238653	0.411696	0.242161	0.242892	0.216414	0.52593	0.167858	0.515722	0.201471	0.50249	0.430901	0.274162	0.22996	0.30958	0.19447	0.180046	0.203058	0.199991	0.204496	0.215048	0.21888	0.226571	0.226596	0.225679	0.214236	0.221942	0.325765	0.220812	0.227712	0.231763	0.234188	0.216857	0.232772	0.218348	0.220286	0.225697	0.219374	0.21924	0.224601	0.227638	0.218904	0.227253	0.22396	0.220364	0.21369	0.213797	0.219642	0.213787	0.221083	0.210496	0.393361	0.212769	0.21724	0.222607	
0.24922	0.24028	0.410773	0.242136	0.242653	0.394891	0.525624	0.166369	0.515684	0.309488	0.283544	0.429093	0.287913	0.230223	0.199273	0.19447	0.180046	0.203058	0.199991	0.204495	0.21503	0.218878	0.226567	0.226597	0.225679	0.214565	0.223327	0.325901	0.220851	0.227799	0.231852	0.234649	0.21633	0.232863	0.219383	0.220298	0.225271	0.219275	0.219373	0.224326	0.227646	0.218904	0.22734	0.223976	0.22044	0.213338	0.214919	0.221141	0.215405	0.222525	0.211232	0.393536	0.211884	0.216622	0.221713	
0.244941	0.241678	0.41003	0.241821	0.242901	0.397358	0.525792	0.165448	0.429835	0.418064	0.16239	0.34181	0.173735	0.230446	0.193677	0.19447	0.180046	0.203058	0.199991	0.204495	0.21503	0.218878	0.226567	0.226597	0.225679	0.215012	0.224741	0.326273	0.220859	0.227908	0.23197	0.235558	0.2156	0.23257	0.220751	0.220302	0.22476	0.219276	0.219679	0.224031	0.227595	0.218904	0.227262	0.223998	0.22044	0.212987	0.216565	0.222377	0.394567	0.223696	0.21233	0.394237	0.211223	0.215857	0.220928	
0.241045	0.242704	0.23806	0.241513	0.243815	0.399463	0.52649	0.163864	0.343376	0.526347	0.286792	0.25408	0.186333	0.230522	0.303627	0.19447	0.180046	0.203058	0.199991	0.204495	0.21503	0.218878	0.226567	0.226597	0.225679	0.215474	0.226254	0.229231	0.220859	0.227956	0.232072	0.236736	0.214921	0.232198	0.222259	0.220302	0.224351	0.219276	0.22008	0.223818	0.227438	0.218904	0.227133	0.224021	0.22044	0.212666	0.218888	0.223331	0.396221	0.224654	0.213617	0.211487	0.210906	0.215009	0.22027	
0.237812	0.243336	0.237602	0.241462	0.440678	0.226871	0.527853	0.285351	0.256274	0.52692	0.408598	0.252839	0.189535	0.230419	0.415873	0.19447	0.180046	0.203058	0.199991	0.204495	0.21503	0.218878	0.226567	0.226597	0.225679	0.215816	0.228079	0.230831	0.220859	0.227966	0.232134	0.237919	0.214478	0.231839	0.223718	0.220302	0.224118	0.219274	0.220441	0.223828	0.227183	0.218904	0.227031	0.224011	0.22044	0.212548	0.221719	0.224229	0.397745	0.225673	0.214913	0.213751	0.210922	0.214188	0.219668	
0.235264	0.243689	0.237263	0.241692	0.442729	0.229303	0.529448	0.407453	0.254521	0.527663	0.528271	0.250408	0.302927	0.230169	0.52989	0.19447	0.180046	0.203058	0.199991	0.204495	0.21503	0.218878	0.226567	0.226597	0.225679	0.216024	0.23041	0.233125	0.220859	0.228068	0.232154	0.238899	0.214304	0.231312	0.225203	0.220296	0.224002	0.219268	0.220655	0.224128	0.226747	0.218904	0.226981	0.223928	0.22045	0.21283	0.224716	0.225355	0.221605	0.227077	0.216047	0.21662	0.211338	0.213507	0.218922	
0.23336	0.24386	0.237065	0.242055	0.533401	0.231611	0.530581	0.530331	0.252714	0.528499	0.527644	0.246056	0.512883	0.229894	0.53002	0.19447	0.180046	0.203058	0.199991	0.204495	0.21503	0.218878	0.226567	0.226597	0.225679	0.216218	0.2331	0.235738	0.220859	0.228351	0.23215	0.239631	0.214309	0.230525	0.226895	0.220287	0.223882	0.219284	0.220701	0.224599	0.429905	0.218917	0.226965	0.223769	0.220457	0.213536	0.227553	0.226867	0.223031	0.229061	0.217268	0.219674	0.212048	0.213004	0.217968	
0.232207	0.243914	0.237206	0.24231	0.493635	0.233517	0.531185	0.529748	0.250673	0.409351	0.527866	0.23923	0.716598	0.326893	0.529124	0.19447	0.180046	0.203058	0.199991	0.204495	0.21503	0.218878	0.226567	0.226597	0.225679	0.216481	0.235647	0.238007	0.220859	0.228782	0.232149	0.240131	0.214315	0.229537	0.228871	0.220311	0.223701	0.219377	0.220636	0.225027	0.429142	0.218908	0.226928	0.223571	0.220379	0.214598	0.23003	0.228699	0.224863	0.231476	0.321504	0.222713	0.212933	0.212657	0.216863	
0.231762	0.243972	0.238067	0.24228	0.648234	0.234944	0.531214	0.529294	0.248387	0.289673	0.528913	0.229556	0.716498	0.327379	0.608305	0.19447	0.180046	0.203058	0.199991	0.204495	0.21503	0.218878	0.226567	0.226597	0.225679	0.216819	0.23746	0.239581	0.220859	0.229407	0.232185	0.240327	0.214254	0.22868	0.230919	0.220418	0.223498	0.219577	0.220545	0.225274	0.428383	0.218707	0.226808	0.223401	0.220131	0.21603	0.231996	0.230671	0.227223	0.233985	0.324659	0.225916	0.214677	0.21241	0.215739	
0.231695	0.244191	0.240003	0.241938	0.713404	0.236043	0.531002	0.52935	0.246191	0.172027	0.525598	0.218007	0.619246	0.328896	0.688453	0.19447	0.180046	0.203058	0.199991	0.204495	0.21503	0.218878	0.226567	0.226597	0.225679	0.21729	0.238385	0.240585	0.220859	0.230326	0.232364	0.240044	0.214185	0.228158	0.232786	0.220619	0.223311	0.219854	0.220475	0.225333	0.224019	0.218254	0.226601	0.223299	0.219707	0.217912	0.233511	0.232552	0.229987	0.236211	0.328987	0.229732	0.217699	0.212258	0.214741	
0.231577	0.244612	0.422271	0.241367	0.647722	0.237022	0.530935	0.529955	0.244452	0.291359	0.611909	0.207298	0.403249	0.234821	0.687928	0.19447	0.180046	0.203058	0.199991	0.204495	0.21503	0.218878	0.226567	0.226597	0.225679	0.218079	0.238669	0.241183	0.220859	0.231661	0.23275	0.239108	0.214199	0.227947	0.23444	0.220851	0.223154	0.220101	0.220438	0.225254	0.223605	0.217584	0.226358	0.223266	0.219211	0.220335	0.234797	0.234279	0.232803	0.237945	0.231493	0.233692	0.221815	0.212262	0.213968	
0.231259	0.245063	0.425741	0.439577	0.582458	0.401295	0.405919	0.530818	0.243054	0.411076	0.611318	0.199927	0.40399	0.239052	0.608882	0.19447	0.180046	0.203058	0.199991	0.204495	0.21503	0.218878	0.226567	0.226597	0.225679	0.219299	0.238754	0.241592	0.220853	0.233279	0.233418	0.237611	0.214309	0.227818	0.23601	0.221018	0.223025	0.220199	0.220428	0.225058	0.223364	0.216901	0.226162	0.223265	0.218805	0.223404	0.236076	0.235897	0.235432	0.239172	0.236339	0.237225	0.226439	0.212494	0.213422	
0.230417	0.245326	0.42894	0.439476	0.586575	0.402667	0.282687	0.531646	0.241337	0.529192	0.615824	0.196824	0.403963	0.243512	0.52858	0.19447	0.180046	0.203058	0.199991	0.204495	0.21503	0.218878	0.226567	0.226597	0.225679	0.220783	0.238744	0.241773	0.220838	0.234656	0.234707	0.235978	0.2147	0.227564	0.2375	0.221058	0.222886	0.220116	0.220437	0.224761	0.223195	0.216426	0.226064	0.223295	0.218581	0.226892	0.237326	0.237346	0.237656	0.239977	0.240306	0.239602	0.230664	0.21294	0.21301	
0.228031	0.245396	0.339781	0.440175	0.49139	0.404278	0.162512	0.399142	0.238522	0.398178	0.530297	0.196684	0.531262	0.442737	0.529935	0.19447	0.180046	0.203058	0.199991	0.204495	0.21503	0.218878	0.226567	0.226597	0.225679	0.426604	0.23836	0.241637	0.220854	0.235368	0.236698	0.234639	0.21567	0.227229	0.238699	0.220992	0.222683	0.219912	0.220452	0.224431	0.223074	0.216204	0.429574	0.223385	0.218521	0.230353	0.238317	0.238507	0.239427	0.240503	0.242925	0.240465	0.234116	0.213498	0.212672	
0.325581	0.245525	0.42877	0.243248	0.391308	0.242687	0.286765	0.266324	0.234375	0.266976	0.406289	0.197183	0.530884	0.640288	0.529624	0.19447	0.180046	0.203058	0.199991	0.204495	0.21503	0.218878	0.226567	0.226597	0.225679	0.427979	0.237366	0.24125	0.220985	0.235253	0.239142	0.233794	0.217165	0.226906	0.239399	0.220897	0.222396	0.21971	0.220426	0.22414	0.223025	0.216187	0.429496	0.223425	0.218534	0.23344	0.238761	0.239278	0.240682	0.333572	0.243673	0.240177	0.236605	0.214006	0.21248	
0.424227	0.245968	0.517016	0.246102	0.217991	0.244002	0.408902	0.133306	0.22939	0.134507	0.405949	0.196666	0.530885	0.797658	0.620781	0.19447	0.180046	0.203058	0.199991	0.204495	0.21503	0.218878	0.226567	0.226597	0.225679	0.429444	0.235894	0.240527	0.221288	0.234454	0.241443	0.233368	0.424282	0.226716	0.239672	0.220839	0.22205	0.219583	0.220283	0.223876	0.22291	0.216201	0.429276	0.223308	0.218543	0.236107	0.238564	0.43862	0.241455	0.532267	0.242713	0.239083	0.238312	0.214336	0.212537	
0.525067	0.246706	0.428543	0.249601	0.207643	0.244899	0.416966	0.133267	0.224768	0.133832	0.404433	0.195083	0.406443	0.69151	0.713243	0.19447	0.180046	0.203058	0.199991	0.204495	0.21503	0.218878	0.226567	0.226597	0.225679	0.22677	0.234315	0.239572	0.221733	0.233266	0.24304	0.233284	0.426751	0.226741	0.239778	0.220825	0.221721	0.219536	0.219985	0.223567	0.222511	0.216201	0.225373	0.222977	0.218543	0.238292	0.237889	0.438785	0.241788	0.532064	0.24068	0.237509	0.239578	0.214458	0.212843	
0.5264	0.247548	0.339902	0.253078	0.20088	0.245426	0.307208	0.266067	0.222136	0.133267	0.528358	0.193576	0.406415	0.495093	0.710758	0.19447	0.180046	0.203058	0.199991	0.204495	0.21503	0.218878	0.226567	0.226597	0.225679	0.228598	0.232967	0.238415	0.222207	0.231804	0.243834	0.233468	0.429735	0.226941	0.239934	0.220829	0.221495	0.219535	0.219579	0.223176	0.22176	0.216201	0.224973	0.22252	0.218543	0.239876	0.237066	0.438847	0.241778	0.438816	0.23812	0.235641	0.240267	0.21445	0.213367	
0.527337	0.248414	0.251458	0.255912	0.197508	0.245639	0.199515	0.398067	0.222368	0.266043	0.528674	0.304465	0.406169	0.338055	0.615729	0.19447	0.180046	0.203058	0.199991	0.204495	0.21503	0.218878	0.226567	0.226597	0.225679	0.230403	0.231935	0.237174	0.222581	0.230294	0.243942	0.233863	0.227887	0.227193	0.240073	0.220832	0.221398	0.219549	0.219187	0.222763	0.220813	0.216201	0.224659	0.222125	0.218543	0.240524	0.236306	0.239951	0.241547	0.239456	0.235854	0.23376	0.240418	0.214447	0.213972	
0.41313	0.249468	0.405335	0.257804	0.19534	0.245582	0.204063	0.529186	0.224617	0.398545	0.405733	0.416169	0.530405	0.248409	0.518989	0.19447	0.180046	0.203058	0.199991	0.204495	0.21503	0.218878	0.226567	0.226597	0.225679	0.232164	0.231119	0.236144	0.222793	0.229154	0.24371	0.234347	0.231235	0.227369	0.239884	0.220832	0.22139	0.219557	0.218921	0.222444	0.219961	0.216201	0.224502	0.221879	0.218543	0.240186	0.23557	0.239885	0.241161	0.238542	0.435397	0.232118	0.240168	0.214562	0.21465	
0.29767	0.250928	0.600538	0.258815	0.305502	0.245263	0.208021	0.606373	0.226747	0.531049	0.283384	0.528436	0.530054	0.338557	0.517838	0.19447	0.180046	0.203058	0.199991	0.204495	0.21503	0.218878	0.226567	0.226597	0.225679	0.233988	0.230357	0.235389	0.222871	0.228705	0.243391	0.234751	0.234345	0.22743	0.239139	0.220832	0.221398	0.219494	0.21881	0.222284	0.219429	0.216201	0.224456	0.221894	0.218543	0.239029	0.234698	0.239564	0.24057	0.237565	0.433615	0.230709	0.239285	0.214839	0.215612	
0.181924	0.340059	0.602089	0.25923	0.302616	0.24469	0.210641	0.682458	0.325784	0.530868	0.283143	0.529627	0.529776	0.496445	0.519589	0.19447	0.180046	0.203058	0.199991	0.204495	0.21503	0.218878	0.226567	0.226597	0.225679	0.235926	0.229486	0.2349	0.222886	0.229018	0.242946	0.234987	0.330509	0.227403	0.237888	0.220838	0.221396	0.219268	0.218799	0.22225	0.219207	0.216201	0.224391	0.222202	0.218547	0.23751	0.233665	0.238848	0.239703	0.236672	0.432277	0.229422	0.237715	0.215343	0.2174	
0.296813	0.428578	0.449792	0.259307	0.29884	0.243964	0.211734	0.759485	0.42406	0.531135	0.497956	0.530793	0.529646	0.4945	0.523313	0.19447	0.180046	0.203058	0.199991	0.204495	0.21503	0.218878	0.226567	0.226597	0.225679	0.400872	0.228379	0.234564	0.222874	0.229647	0.242324	0.235076	0.494746	0.2272	0.236454	0.220858	0.221416	0.218772	0.218814	0.222264	0.219131	0.216201	0.224209	0.222678	0.218549	0.236134	0.232642	0.237697	0.238588	0.330918	0.229973	0.228243	0.235687	0.216264	0.22014	
0.296889	0.516328	0.255673	0.259148	0.181819	0.335366	0.211494	0.756949	0.522317	0.531495	0.616335	0.531573	0.529753	0.401369	0.52603	0.19447	0.180046	0.203058	0.199991	0.204495	0.21503	0.218878	0.226567	0.226597	0.225679	0.402325	0.226984	0.234341	0.22282	0.230138	0.241539	0.235015	0.496003	0.226761	0.235149	0.220856	0.22148	0.218032	0.218822	0.222274	0.21899	0.216201	0.223918	0.22319	0.218511	0.234938	0.231857	0.236274	0.237388	0.42551	0.229633	0.399537	0.233398	0.217833	0.223419	
0.297444	0.516003	0.253637	0.258818	0.296256	0.427049	0.21061	0.75511	0.522488	0.531717	0.614048	0.403738	0.40754	0.237361	0.527229	0.19447	0.180046	0.203058	0.199991	0.204495	0.21503	0.218878	0.226567	0.226597	0.225679	0.403177	0.225481	0.234251	0.222811	0.23043	0.24055	0.23467	0.40305	0.226083	0.234084	0.220735	0.221522	0.217267	0.218836	0.222275	0.218779	0.216201	0.223608	0.2235	0.218402	0.23378	0.231327	0.234678	0.40228	0.42491	0.229222	0.39878	0.231326	0.424714	0.226775	
0.297267	0.515742	0.249446	0.258335	0.41227	0.426975	0.2097	0.575775	0.423167	0.531694	0.522701	0.277956	0.283452	0.228782	0.607455	0.19447	0.180046	0.203058	0.199991	0.204495	0.21503	0.218878	0.226567	0.226597	0.225679	0.240419	0.224222	0.234205	0.223126	0.230655	0.239322	0.233979	0.240559	0.22529	0.233132	0.220399	0.221433	0.216734	0.21885	0.222275	0.218789	0.216201	0.223373	0.223527	0.218225	0.232461	0.230895	0.232956	0.401322	0.329171	0.22847	0.398327	0.229785	0.426991	0.230021	
0.412588	0.4309	0.242843	0.450934	0.614523	0.335464	0.209043	0.573535	0.324152	0.531553	0.526528	0.156836	0.158433	0.428182	0.687868	0.19447	0.180046	0.203058	0.199991	0.204495	0.21503	0.218878	0.226567	0.226597	0.225679	0.240432	0.223512	0.234166	0.224024	0.23101	0.237826	0.233068	0.239792	0.224671	0.232172	0.219863	0.221155	0.216579	0.218788	0.222275	0.219176	0.216201	0.223255	0.223383	0.218025	0.231094	0.230446	0.231195	0.400361	0.232957	0.227518	0.324586	0.22877	0.428948	0.233239	
0.527163	0.34608	0.234174	0.449447	0.615378	0.244877	0.2089	0.572095	0.225336	0.531476	0.527956	0.283602	0.156286	0.41393	0.79137	0.19447	0.180046	0.203058	0.199991	0.204495	0.21503	0.218878	0.226567	0.226597	0.225679	0.240263	0.223323	0.23416	0.225463	0.231319	0.236154	0.232205	0.238787	0.22438	0.231236	0.219266	0.220743	0.216717	0.218556	0.222275	0.219918	0.216201	0.397644	0.22323	0.217867	0.229805	0.230046	0.229447	0.233205	0.231702	0.226694	0.324197	0.227988	0.225923	0.236286	
0.606087	0.260758	0.224669	0.446514	0.483689	0.247332	0.209394	0.573474	0.225791	0.404371	0.414847	0.407511	0.156651	0.400776	0.791479	0.19447	0.180046	0.203058	0.199991	0.204495	0.21503	0.218878	0.226567	0.226597	0.225679	0.239919	0.223385	0.234151	0.227035	0.231307	0.234532	0.231619	0.237697	0.224415	0.230362	0.218772	0.220344	0.216942	0.218126	0.222275	0.220833	0.216201	0.397653	0.223156	0.217784	0.228657	0.229794	0.227659	0.231784	0.230357	0.226372	0.323697	0.227133	0.22789	0.23874	
0.685184	0.258842	0.216093	0.247679	0.270347	0.403733	0.210407	0.399242	0.225319	0.276366	0.301392	0.526867	0.158272	0.18024	0.602508	0.19447	0.180046	0.203058	0.199991	0.204495	0.21503	0.218878	0.226567	0.226597	0.225679	0.438699	0.223416	0.234002	0.228273	0.230883	0.233198	0.231361	0.236761	0.224605	0.229456	0.218439	0.220088	0.217095	0.217588	0.222275	0.221635	0.216201	0.39766	0.223005	0.217778	0.227662	0.229608	0.225806	0.432891	0.229066	0.226619	0.224315	0.226258	0.230556	0.240363	
0.765821	0.254931	0.209911	0.239339	0.269819	0.600206	0.2117	0.225802	0.223638	0.147967	0.398384	0.527175	0.159496	0.175678	0.390699	0.19447	0.180046	0.203058	0.199991	0.204495	0.21503	0.218878	0.226567	0.226597	0.225679	0.437773	0.223301	0.233653	0.228949	0.230187	0.232322	0.231329	0.236129	0.22479	0.228388	0.218203	0.22	0.217131	0.319338	0.222275	0.22224	0.216211	0.223247	0.222694	0.217785	0.226777	0.229262	0.22393	0.431548	0.227938	0.227035	0.223865	0.225549	0.233818	0.241009	
0.686333	0.24898	0.206407	0.229247	0.491056	0.753326	0.213187	0.227024	0.2207	0.146739	0.511486	0.528758	0.160091	0.173924	0.201102	0.19447	0.180046	0.203058	0.199991	0.204495	0.21503	0.218878	0.226567	0.226597	0.225679	0.436511	0.223047	0.23313	0.22923	0.229557	0.231909	0.231355	0.235872	0.224923	0.227212	0.217974	0.220007	0.217125	0.31904	0.222275	0.222617	0.216177	0.223247	0.222273	0.217679	0.226047	0.228624	0.398551	0.430521	0.227037	0.430411	0.223481	0.225077	0.402127	0.241025	
0.607303	0.241788	0.204728	0.21996	0.617471	0.687518	0.214938	0.2274	0.217231	0.147199	0.510457	0.529034	0.160578	0.173051	0.200778	0.19447	0.180046	0.203058	0.199991	0.204495	0.21503	0.218878	0.226567	0.226597	0.225679	0.235627	0.222698	0.232576	0.229486	0.229183	0.231753	0.23135	0.235835	0.22499	0.226198	0.217744	0.220018	0.217136	0.318934	0.222275	0.222847	0.216008	0.223253	0.221886	0.217376	0.225537	0.227796	0.397049	0.227258	0.32505	0.430372	0.223037	0.224843	0.40461	0.240707	
0.412469	0.234609	0.311356	0.214416	0.6162	0.494479	0.216948	0.227319	0.318285	0.149359	0.299416	0.528134	0.161592	0.17169	0.200745	0.19447	0.180046	0.203058	0.199991	0.204495	0.21503	0.218878	0.226567	0.226597	0.225679	0.233969	0.222328	0.232178	0.229902	0.229079	0.231713	0.231318	0.235752	0.225	0.225579	0.217563	0.220018	0.217108	0.216714	0.222276	0.22297	0.215691	0.223263	0.221637	0.21689	0.225316	0.226989	0.395998	0.226954	0.324724	0.430042	0.222444	0.2247	0.406103	0.240005	
0.296279	0.328203	0.309956	0.21336	0.52519	0.343646	0.219159	0.22721	0.420637	0.152666	0.185713	0.526654	0.163476	0.168639	0.41274	0.19447	0.180046	0.203058	0.199991	0.204495	0.21503	0.218878	0.226567	0.226597	0.225679	0.232281	0.221973	0.231984	0.230259	0.229126	0.231711	0.231269	0.23558	0.224996	0.225353	0.217467	0.220018	0.21693	0.216753	0.222289	0.222986	0.215275	0.223247	0.221542	0.216351	0.225259	0.226367	0.218964	0.226879	0.324671	0.226433	0.42696	0.224428	0.241722	0.238764	
0.296955	0.501403	0.30769	0.215476	0.526685	0.257184	0.22129	0.227269	0.524027	0.156051	0.187067	0.604632	0.166186	0.163341	0.414048	0.19447	0.180046	0.203058	0.199991	0.204495	0.21503	0.218878	0.226567	0.226597	0.225679	0.230736	0.221602	0.231941	0.2302	0.229089	0.231718	0.231217	0.235382	0.224996	0.225305	0.423841	0.220018	0.216548	0.216738	0.2223	0.222978	0.214904	0.223144	0.221545	0.215922	0.225136	0.225968	0.218445	0.226838	0.226159	0.225821	0.426343	0.223998	0.242034	0.236916	
0.412357	0.495759	0.196459	0.218226	0.528114	0.256659	0.222969	0.227473	0.42062	0.158456	0.188393	0.678259	0.169542	0.156998	0.415997	0.19447	0.180046	0.203058	0.199991	0.204495	0.21503	0.218878	0.226567	0.226597	0.225679	0.327136	0.221177	0.231893	0.229589	0.228689	0.231734	0.231178	0.235226	0.224996	0.225238	0.423985	0.220018	0.216018	0.21657	0.222247	0.222978	0.214668	0.222921	0.221553	0.215704	0.224861	0.225763	0.217905	0.226672	0.226318	0.225207	0.425936	0.223412	0.242186	0.234854	
0.529497	0.390453	0.19186	0.219757	0.530104	0.343407	0.223975	0.227612	0.317262	0.160114	0.189397	0.750771	0.173122	0.151883	0.206956	0.19447	0.180046	0.203058	0.199991	0.204495	0.21503	0.218878	0.226567	0.226597	0.225679	0.326315	0.220695	0.231793	0.228628	0.227805	0.23167	0.231159	0.23514	0.224996	0.225105	0.424303	0.220018	0.215572	0.216181	0.222046	0.222978	0.214607	0.22261	0.221553	0.215718	0.224463	0.225675	0.217414	0.226356	0.22638	0.224656	0.220524	0.222756	0.242226	0.232954	
0.529244	0.206976	0.302401	0.321305	0.531815	0.536681	0.224311	0.227526	0.213897	0.161973	0.190211	0.746324	0.176562	0.149683	0.417716	0.19447	0.180046	0.203058	0.199991	0.204495	0.21503	0.218878	0.226567	0.226597	0.225679	0.325783	0.220181	0.231681	0.22772	0.22651	0.231392	0.231157	0.235126	0.224996	0.224931	0.218391	0.220018	0.215465	0.215614	0.221674	0.222978	0.21471	0.222304	0.221553	0.215903	0.224014	0.225599	0.217062	0.225961	0.324892	0.224234	0.220412	0.222174	0.242038	0.231443	
0.528821	0.203629	0.509059	0.422462	0.532138	0.695315	0.224287	0.227187	0.213725	0.164897	0.19118	0.749096	0.179588	0.150142	0.42005	0.19447	0.180046	0.203058	0.199991	0.204495	0.21503	0.218878	0.226567	0.226597	0.225679	0.227754	0.219653	0.231594	0.227172	0.22521	0.23088	0.231159	0.235149	0.224996	0.22474	0.218862	0.220018	0.215762	0.215032	0.22121	0.222978	0.214886	0.22209	0.221553	0.216178	0.223637	0.225431	0.216932	0.225539	0.324585	0.224006	0.220334	0.221789	0.241459	0.230318	
0.528383	0.310145	0.717749	0.418145	0.532213	0.596287	0.224259	0.226839	0.213214	0.168551	0.192497	0.75513	0.182043	0.151616	0.42206	0.19447	0.180046	0.203058	0.199991	0.204495	0.21503	0.218878	0.226567	0.226597	0.225679	0.227376	0.219093	0.231537	0.227005	0.224274	0.230224	0.231154	0.235043	0.224996	0.224561	0.219169	0.220018	0.216311	0.406947	0.220794	0.222978	0.215106	0.221996	0.221553	0.216468	0.223444	0.2251	0.217024	0.225055	0.324164	0.223872	0.220323	0.221656	0.240461	0.22948	
0.415345	0.4178	0.71772	0.311069	0.532141	0.384293	0.224407	0.226748	0.21221	0.171935	0.19399	0.760138	0.18384	0.152478	0.215411	0.19447	0.180046	0.203058	0.199991	0.204495	0.21503	0.218878	0.226567	0.226597	0.225679	0.227025	0.218485	0.231504	0.22703	0.223683	0.229649	0.231128	0.234662	0.224986	0.224402	0.219204	0.220018	0.216829	0.406746	0.220536	0.222978	0.215294	0.221984	0.221553	0.216692	0.223425	0.224606	0.217352	0.224453	0.225113	0.223781	0.220397	0.221744	0.438801	0.228852	
0.303082	0.52625	0.623159	0.311849	0.407651	0.200097	0.224679	0.227007	0.21067	0.17417	0.195265	0.761356	0.185244	0.37755	0.216691	0.19447	0.180046	0.203058	0.199991	0.204495	0.21503	0.218878	0.226567	0.226597	0.225679	0.226724	0.217862	0.231474	0.227085	0.223246	0.229301	0.231053	0.233999	0.224977	0.2242	0.218988	0.220018	0.217146	0.406712	0.220443	0.222978	0.215409	0.221995	0.221553	0.216805	0.2235	0.224047	0.218014	0.223773	0.224777	0.223713	0.220606	0.222016	0.43759	0.228333	
0.191089	0.526335	0.528325	0.5186	0.286455	0.179597	0.224878	0.227473	0.208798	0.175044	0.196135	0.758562	0.186659	0.596683	0.423721	0.19447	0.180046	0.203058	0.199991	0.204495	0.21503	0.218878	0.226567	0.226597	0.225679	0.226458	0.217301	0.231441	0.227139	0.222741	0.229179	0.230916	0.233186	0.225104	0.223865	0.218656	0.220018	0.217261	0.214391	0.220444	0.222978	0.215446	0.222	0.221553	0.216829	0.22359	0.223552	0.219034	0.223143	0.224541	0.22367	0.220922	0.222379	0.436572	0.227893	
0.191666	0.526361	0.528366	0.627263	0.167573	0.160079	0.224926	0.227852	0.207	0.175215	0.196774	0.753928	0.188393	0.723167	0.424837	0.19447	0.180046	0.203058	0.199991	0.204495	0.21503	0.218878	0.226567	0.226597	0.225679	0.22622	0.216855	0.231418	0.227203	0.222253	0.22915	0.230733	0.232498	0.225463	0.223372	0.218351	0.220018	0.217259	0.214403	0.22046	0.222978	0.215442	0.222	0.221553	0.216821	0.223652	0.223162	0.22028	0.222641	0.224364	0.223618	0.221296	0.222776	0.23614	0.227436	
0.191195	0.5264	0.528649	0.628179	0.290906	0.144743	0.224838	0.228043	0.205672	0.175506	0.197525	0.749948	0.190538	0.624663	0.426052	0.19447	0.180046	0.203058	0.199991	0.204495	0.21503	0.218878	0.226567	0.226597	0.225679	0.226009	0.216528	0.231408	0.227259	0.221976	0.22907	0.230549	0.232095	0.226049	0.222799	0.218158	0.220018	0.217246	0.214403	0.220465	0.222978	0.215441	0.222	0.221553	0.216817	0.223671	0.222802	0.221473	0.222227	0.224195	0.223498	0.221617	0.223152	0.235264	0.22689	
0.190285	0.415597	0.529126	0.408462	0.296884	0.136216	0.224725	0.228062	0.204986	0.176366	0.198558	0.747603	0.192729	0.531715	0.221432	0.19447	0.180046	0.203058	0.199991	0.204495	0.21503	0.218878	0.226567	0.226597	0.225679	0.225791	0.216297	0.231399	0.227292	0.221864	0.228944	0.230404	0.231974	0.226709	0.22225	0.218082	0.220018	0.217246	0.214403	0.220465	0.222978	0.215441	0.222	0.221553	0.216817	0.223672	0.222376	0.222367	0.221817	0.22402	0.223322	0.221709	0.223486	0.234147	0.226381	
0.189548	0.302994	0.529709	0.285919	0.302501	0.133267	0.224766	0.228009	0.2048	0.177622	0.19975	0.572064	0.194445	0.531921	0.322172	0.19447	0.180046	0.203058	0.199991	0.204495	0.21503	0.218878	0.226567	0.226597	0.225679	0.225492	0.216141	0.231425	0.227303	0.221876	0.228818	0.230329	0.231994	0.227229	0.221739	0.218078	0.220023	0.217246	0.214403	0.220465	0.222978	0.215441	0.222	0.221553	0.216817	0.223669	0.221875	0.222918	0.221398	0.223856	0.223153	0.221522	0.22379	0.232635	0.226019	
0.189411	0.187878	0.406348	0.16111	0.191323	0.134043	0.225137	0.227957	0.204704	0.178728	0.200834	0.497284	0.195343	0.531496	0.323092	0.19447	0.180046	0.203058	0.199991	0.204495	0.21503	0.218878	0.226567	0.226597	0.225679	0.225039	0.216045	0.23156	0.227305	0.222054	0.228727	0.23039	0.232002	0.227497	0.221196	0.218089	0.220039	0.217246	0.214403	0.220465	0.222978	0.215441	0.222	0.221553	0.216817	0.22367	0.221412	0.223153	0.221035	0.223703	0.223102	0.221092	0.224037	0.230815	0.225819	
0.189931	0.181051	0.281437	0.282175	0.194516	0.136166	0.225939	0.227917	0.204379	0.179396	0.201622	0.498337	0.19557	0.529233	0.323758	0.19447	0.180046	0.203058	0.199991	0.204495	0.21503	0.218878	0.226567	0.226597	0.225679	0.224433	0.215998	0.231821	0.227307	0.222624	0.228684	0.230636	0.232002	0.227671	0.220545	0.218093	0.220011	0.21725	0.214403	0.220465	0.222978	0.215441	0.222	0.221557	0.216817	0.223687	0.221133	0.223139	0.220763	0.223533	0.223198	0.220609	0.224222	0.228924	0.22562	
0.190861	0.174098	0.156888	0.40581	0.196078	0.137954	0.226943	0.227895	0.31125	0.179429	0.202092	0.598549	0.195544	0.525708	0.224762	0.19447	0.180046	0.203058	0.199991	0.204495	0.21503	0.218878	0.226567	0.226597	0.225679	0.398267	0.216007	0.232155	0.227327	0.223914	0.228743	0.231022	0.232008	0.228102	0.21983	0.218093	0.219824	0.217251	0.214403	0.220465	0.222978	0.215441	0.222	0.221564	0.216817	0.223726	0.221087	0.222898	0.220537	0.223343	0.223389	0.220246	0.224312	0.227217	0.225219	
0.191952	0.168579	0.158237	0.617494	0.196653	0.270285	0.227778	0.227889	0.498436	0.178729	0.202349	0.496305	0.195506	0.523523	0.225415	0.19447	0.180046	0.203058	0.199991	0.204495	0.21503	0.218878	0.226567	0.226597	0.225679	0.397697	0.216096	0.232435	0.227341	0.22618	0.228924	0.231472	0.231997	0.228895	0.2192	0.218093	0.219426	0.217231	0.214402	0.220465	0.222978	0.215441	0.222	0.221495	0.216817	0.223793	0.22119	0.222466	0.220276	0.223178	0.223605	0.220082	0.224303	0.225855	0.224498	
0.192972	0.165072	0.163068	0.704576	0.197119	0.271593	0.228202	0.227885	0.685061	0.17749	0.202532	0.317889	0.195537	0.522891	0.226203	0.19447	0.180046	0.203058	0.199991	0.204495	0.21503	0.218878	0.226567	0.226597	0.225679	0.397261	0.216288	0.328588	0.227239	0.229285	0.229212	0.232011	0.231914	0.229917	0.218776	0.218093	0.21888	0.217133	0.21439	0.220465	0.222978	0.215441	0.222	0.221288	0.216817	0.223854	0.221313	0.222009	0.219977	0.223102	0.223716	0.220195	0.224182	0.224892	0.223519	
0.193807	0.162553	0.287375	0.703389	0.197965	0.479187	0.228253	0.22787	0.763542	0.175973	0.202727	0.215007	0.195593	0.523033	0.227003	0.19447	0.180046	0.203058	0.199991	0.204495	0.21503	0.218878	0.226567	0.226597	0.225679	0.222379	0.216551	0.329258	0.226875	0.232557	0.229537	0.232818	0.231742	0.230858	0.218562	0.218093	0.218351	0.21685	0.214368	0.220465	0.222978	0.215441	0.222	0.220947	0.216817	0.223846	0.221396	0.22167	0.219737	0.426994	0.223704	0.220511	0.223913	0.323731	0.222488	
0.194479	0.159909	0.50177	0.615902	0.199217	0.576362	0.228134	0.227843	0.761093	0.175137	0.202927	0.21504	0.195644	0.524425	0.325476	0.19447	0.180046	0.203058	0.199991	0.204495	0.21503	0.218878	0.226567	0.226597	0.225679	0.221881	0.216806	0.330227	0.226221	0.23544	0.229787	0.234264	0.231501	0.231526	0.218471	0.218093	0.217994	0.216346	0.214407	0.220465	0.222978	0.215441	0.222	0.22055	0.216817	0.223733	0.221472	0.221458	0.219701	0.427089	0.223605	0.220958	0.223509	0.323455	0.221662	
0.195108	0.1585	0.71568	0.527144	0.389754	0.573831	0.227999	0.227811	0.758957	0.175552	0.203074	0.216052	0.195717	0.394589	0.325634	0.19447	0.180046	0.203058	0.199991	0.204495	0.21503	0.218878	0.226567	0.226597	0.225679	0.221164	0.217012	0.235573	0.225421	0.237592	0.229922	0.236526	0.23127	0.231879	0.218424	0.218093	0.217846	0.215699	0.214625	0.220465	0.222978	0.215441	0.222	0.220235	0.216817	0.22353	0.221601	0.221342	0.219927	0.427183	0.223472	0.221363	0.223028	0.323384	0.221185	
0.195874	0.281745	0.714084	0.526558	0.390895	0.497355	0.22792	0.227787	0.757362	0.17714	0.203139	0.217473	0.195814	0.264868	0.325636	0.19447	0.180046	0.203058	0.199991	0.204495	0.21503	0.218878	0.226567	0.226597	0.225679	0.220218	0.217217	0.236448	0.224727	0.239144	0.229951	0.239395	0.231113	0.231772	0.218387	0.218093	0.217836	0.215082	0.215083	0.220465	0.222978	0.215441	0.222	0.22006	0.216817	0.223294	0.221814	0.221284	0.220326	0.223381	0.223363	0.221565	0.222605	0.224041	0.221009	
0.196856	0.40507	0.62089	0.526643	0.391964	0.275247	0.227847	0.227765	0.756091	0.179018	0.203147	0.424372	0.1959	0.133267	0.227589	0.19447	0.180046	0.203058	0.199991	0.204495	0.21503	0.218878	0.226567	0.226597	0.225679	0.219202	0.21751	0.23691	0.224318	0.240259	0.229943	0.242282	0.231045	0.231236	0.218355	0.218093	0.217851	0.214658	0.215706	0.220465	0.222978	0.215441	0.222003	0.220017	0.216817	0.223083	0.222093	0.221294	0.220743	0.223422	0.223285	0.221544	0.222368	0.224196	0.221011	
0.198005	0.604783	0.525857	0.528338	0.204069	0.406218	0.227689	0.227728	0.678148	0.180177	0.203139	0.424878	0.19597	0.133405	0.22735	0.19447	0.180046	0.203058	0.199991	0.204495	0.21503	0.218878	0.226567	0.226597	0.225679	0.218347	0.21793	0.236833	0.224187	0.241034	0.229942	0.244638	0.231076	0.230315	0.218336	0.218093	0.217853	0.214464	0.21631	0.220465	0.222978	0.215441	0.222013	0.220028	0.216817	0.222945	0.222376	0.221392	0.221068	0.223475	0.223256	0.221406	0.222373	0.323568	0.221067	
0.199162	0.678443	0.526383	0.399461	0.20592	0.478364	0.227447	0.227667	0.498528	0.18044	0.203135	0.424817	0.196101	0.336776	0.430337	0.19447	0.180046	0.203058	0.199991	0.204495	0.21503	0.218878	0.226567	0.226597	0.225679	0.217821	0.218454	0.236206	0.224198	0.241457	0.229932	0.246205	0.231183	0.229279	0.218348	0.218093	0.217853	0.214433	0.21673	0.220465	0.222978	0.215441	0.222009	0.22003	0.216817	0.222904	0.222617	0.221529	0.221318	0.223548	0.223258	0.221303	0.222593	0.323629	0.221167	
0.200072	0.752031	0.625553	0.268048	0.208334	0.674859	0.227122	0.22759	0.319197	0.17999	0.414306	0.218817	0.196268	0.339805	0.429695	0.19447	0.180046	0.203058	0.199991	0.204495	0.21503	0.218878	0.226567	0.226597	0.225679	0.217619	0.219073	0.235153	0.224222	0.241472	0.229911	0.247108	0.231353	0.228532	0.218413	0.218093	0.217853	0.21445	0.216919	0.220465	0.222978	0.215441	0.22194	0.22003	0.216817	0.22293	0.222803	0.221639	0.221569	0.223615	0.223261	0.221291	0.222921	0.323535	0.221299	
0.200586	0.673852	0.724007	0.135298	0.211016	0.672713	0.226666	0.227532	0.319257	0.179348	0.414264	0.2188	0.196284	0.340109	0.428936	0.19447	0.180046	0.203058	0.199991	0.204495	0.21503	0.218878	0.226567	0.226597	0.225679	0.217625	0.219791	0.233764	0.224226	0.241283	0.230088	0.247586	0.231551	0.228164	0.218564	0.218093	0.217853	0.214455	0.216921	0.220465	0.222978	0.215441	0.221766	0.22003	0.216817	0.222963	0.222951	0.221679	0.221872	0.223642	0.223267	0.221387	0.223243	0.224099	0.221452	
0.200781	0.599181	0.822729	0.134084	0.213383	0.488127	0.226091	0.227468	0.42149	0.178683	0.414263	0.219194	0.195976	0.136738	0.224766	0.19447	0.180046	0.203058	0.199991	0.204495	0.21503	0.218878	0.226567	0.226597	0.225679	0.217713	0.220567	0.232417	0.224226	0.241159	0.23061	0.247792	0.231709	0.228168	0.218809	0.218093	0.217853	0.214455	0.216781	0.220465	0.222978	0.215441	0.221499	0.22003	0.216817	0.222953	0.223064	0.221642	0.222183	0.223616	0.223245	0.221564	0.223459	0.223853	0.221636	
0.20088	0.527081	0.72532	0.134827	0.215105	0.299408	0.225528	0.227306	0.523993	0.178075	0.2033	0.219813	0.195305	0.133708	0.224147	0.19447	0.180046	0.203058	0.199991	0.204495	0.21503	0.218878	0.226567	0.226597	0.225679	0.217811	0.221303	0.231668	0.224226	0.241097	0.23139	0.247636	0.231797	0.228413	0.219104	0.218094	0.217853	0.214455	0.216515	0.220465	0.222978	0.215441	0.221215	0.22003	0.216817	0.22289	0.223132	0.221552	0.222405	0.22357	0.223188	0.221773	0.223518	0.223644	0.221873	
0.201032	0.400414	0.497737	0.137574	0.216198	0.182533	0.225069	0.226994	0.418806	0.177641	0.203934	0.220347	0.194607	0.134041	0.223556	0.19447	0.180046	0.203058	0.199991	0.204495	0.215031	0.218878	0.226567	0.226597	0.225679	0.217909	0.221906	0.231762	0.224226	0.240932	0.232187	0.24705	0.231812	0.228815	0.219375	0.218103	0.217853	0.214455	0.216169	0.220465	0.222978	0.215441	0.220997	0.22003	0.216817	0.222814	0.223145	0.221437	0.222481	0.223562	0.22313	0.221919	0.223431	0.223452	0.222229	
0.201205	0.402009	0.268189	0.348266	0.216911	0.171017	0.224594	0.226554	0.313066	0.177415	0.204984	0.220619	0.194325	0.267042	0.222848	0.19447	0.180046	0.203058	0.199991	0.204495	0.215033	0.218878	0.226567	0.226597	0.225679	0.218021	0.222387	0.232545	0.224226	0.240413	0.232676	0.246137	0.231785	0.229348	0.21958	0.218112	0.217853	0.214455	0.215825	0.220465	0.222978	0.215441	0.220888	0.22003	0.216817	0.222783	0.223113	0.221334	0.222439	0.223641	0.223127	0.221942	0.223238	0.223206	0.222693	
0.201327	0.401935	0.136396	0.562009	0.217552	0.163525	0.223969	0.226124	0.207144	0.177372	0.206263	0.220705	0.194649	0.400055	0.222096	0.19447	0.180046	0.203058	0.199991	0.204495	0.215024	0.218878	0.226567	0.226597	0.225679	0.218147	0.222847	0.434249	0.224226	0.239498	0.232852	0.245207	0.2319	0.229808	0.219745	0.218076	0.217853	0.214455	0.215501	0.220465	0.222978	0.215441	0.220865	0.22003	0.216817	0.222849	0.22306	0.221306	0.222348	0.223815	0.223217	0.221831	0.223014	0.222871	0.223176	
0.201368	0.530907	0.136384	0.559262	0.218356	0.366068	0.223186	0.225835	0.207015	0.177395	0.207439	0.220814	0.195406	0.532393	0.221388	0.19447	0.180046	0.203058	0.199991	0.204495	0.214988	0.218878	0.226567	0.226597	0.225679	0.218295	0.223397	0.434955	0.224226	0.238331	0.232768	0.244564	0.232317	0.23008	0.219962	0.217931	0.217853	0.214455	0.215114	0.220465	0.222978	0.215441	0.220874	0.22003	0.216817	0.222996	0.222995	0.221392	0.22227	0.224042	0.223375	0.22161	0.222842	0.222495	0.223565	
0.201311	0.530366	0.269192	0.349175	0.21931	0.572888	0.222336	0.225713	0.207908	0.177483	0.208225	0.221034	0.196182	0.399391	0.220709	0.19447	0.180046	0.203058	0.199991	0.204495	0.375855	0.218878	0.226567	0.226597	0.225679	0.218476	0.22412	0.435273	0.224226	0.237138	0.232493	0.244305	0.233031	0.23012	0.220318	0.217658	0.217853	0.214455	0.21458	0.220465	0.222978	0.215441	0.22088	0.22003	0.216817	0.223168	0.2229	0.221569	0.222275	0.224251	0.397647	0.221374	0.222792	0.222175	0.223761	
0.20117	0.53021	0.401141	0.138979	0.220211	0.786963	0.221528	0.22568	0.20945	0.177542	0.208498	0.221298	0.196748	0.266679	0.220081	0.19447	0.180046	0.203058	0.199991	0.204495	0.375786	0.218878	0.226567	0.226597	0.225679	0.218684	0.225094	0.234416	0.224226	0.236128	0.232129	0.244282	0.23391	0.229891	0.220847	0.217313	0.217849	0.214455	0.213934	0.220465	0.222978	0.215441	0.22088	0.22003	0.216817	0.223321	0.22276	0.221782	0.222421	0.224396	0.39778	0.221175	0.222873	0.221972	0.223756	
0.200985	0.530521	0.400446	0.357728	0.220962	0.703862	0.220875	0.225597	0.211185	0.177452	0.208355	0.221512	0.197097	0.134801	0.219547	0.19447	0.180046	0.203058	0.199991	0.204495	0.375738	0.218878	0.226567	0.226597	0.225679	0.218875	0.226304	0.233983	0.224226	0.235347	0.231693	0.244305	0.234695	0.229452	0.221527	0.217001	0.217848	0.214455	0.213344	0.220465	0.222978	0.215441	0.22088	0.22003	0.216817	0.223429	0.222607	0.22197	0.222716	0.22448	0.397814	0.221024	0.223023	0.221887	0.223588	
0.200804	0.530998	0.268245	0.488499	0.22158	0.620324	0.220461	0.225433	0.212736	0.177287	0.208011	0.221628	0.197293	0.13635	0.425103	0.19447	0.180046	0.203058	0.199991	0.204495	0.214794	0.218878	0.226567	0.226597	0.225679	0.424862	0.227599	0.233412	0.224226	0.234784	0.231465	0.244324	0.235232	0.228842	0.222297	0.395738	0.217881	0.214455	0.212999	0.220465	0.222978	0.215441	0.22088	0.22003	0.216817	0.223496	0.222499	0.22212	0.223091	0.224543	0.223661	0.220914	0.223167	0.221892	0.223324	
0.200673	0.531365	0.136356	0.616025	0.222219	0.530042	0.220258	0.225227	0.213902	0.177159	0.207692	0.221649	0.197417	0.137993	0.526347	0.19447	0.180046	0.203058	0.199991	0.204495	0.214802	0.218878	0.226567	0.226597	0.225679	0.424915	0.228807	0.232614	0.224229	0.234394	0.231574	0.244286	0.235415	0.22822	0.223039	0.395666	0.217972	0.214455	0.212952	0.220465	0.222978	0.215441	0.22088	0.22003	0.216817	0.223585	0.222466	0.22224	0.223427	0.224612	0.223546	0.220824	0.223262	0.221961	0.223069	
0.20061	0.405295	0.137556	0.528791	0.427226	0.53009	0.220225	0.225043	0.214635	0.177265	0.20756	0.221628	0.197482	0.139601	0.525689	0.19447	0.180046	0.203058	0.199991	0.204495	0.214816	0.218878	0.226567	0.226597	0.225679	0.424948	0.229961	0.231559	0.224238	0.234177	0.231926	0.244068	0.235112	0.227775	0.223625	0.395665	0.218118	0.214455	0.213104	0.220465	0.222978	0.215441	0.22088	0.22003	0.216817	0.223739	0.222464	0.222328	0.223611	0.224671	0.223409	0.400133	0.223301	0.222072	0.222896	
0.200597	0.280253	0.351958	0.627638	0.427992	0.530472	0.220331	0.224928	0.2151	0.17758	0.207659	0.221668	0.197495	0.142071	0.319002	0.19447	0.180046	0.203058	0.199991	0.204495	0.21482	0.218878	0.226567	0.226597	0.225679	0.219192	0.231257	0.230324	0.22423	0.234127	0.232285	0.243616	0.234404	0.22756	0.223999	0.216743	0.21828	0.214455	0.2133	0.220465	0.222978	0.215441	0.22088	0.22003	0.216817	0.22395	0.222422	0.222372	0.223595	0.224661	0.223304	0.40009	0.223306	0.222193	0.22282	
0.200604	0.279965	0.483573	0.627036	0.428524	0.531238	0.220491	0.224883	0.215588	0.177912	0.207912	0.221868	0.197482	0.371228	0.216652	0.19447	0.180046	0.203058	0.199991	0.204495	0.214819	0.218878	0.226567	0.226597	0.225679	0.219448	0.23282	0.229065	0.22414	0.234141	0.232434	0.243007	0.233398	0.227533	0.224226	0.216747	0.218397	0.214455	0.213447	0.220465	0.222978	0.215441	0.22088	0.22003	0.216817	0.22415	0.222311	0.222359	0.22342	0.224542	0.223264	0.400068	0.223342	0.222286	0.222812	
0.200619	0.405581	0.613911	0.626693	0.224362	0.398897	0.220636	0.224883	0.216301	0.178033	0.20819	0.222252	0.197472	0.597066	0.395547	0.19447	0.180046	0.203058	0.199991	0.204495	0.214819	0.218878	0.226567	0.226597	0.225679	0.320667	0.234522	0.228065	0.223959	0.234143	0.232439	0.242418	0.232083	0.227549	0.224473	0.216747	0.218469	0.214455	0.213525	0.220465	0.222978	0.215441	0.22088	0.22003	0.216817	0.224256	0.222178	0.22231	0.223171	0.224322	0.223326	0.426008	0.223446	0.222322	0.222808	
0.200609	0.529933	0.531143	0.416403	0.224223	0.266283	0.220821	0.224887	0.217202	0.177837	0.313797	0.222742	0.197543	0.60053	0.574461	0.19447	0.180046	0.203058	0.199991	0.204495	0.214819	0.218878	0.226567	0.226597	0.225679	0.321301	0.23589	0.399105	0.223834	0.234135	0.232337	0.242024	0.230514	0.227549	0.224912	0.216747	0.218584	0.214455	0.213547	0.220465	0.222978	0.215441	0.22088	0.22003	0.216817	0.224236	0.222098	0.222269	0.222908	0.224068	0.223468	0.426035	0.223641	0.222302	0.222774	
0.200489	0.52916	0.530599	0.306227	0.428285	0.133267	0.221142	0.224887	0.218063	0.177516	0.523274	0.223193	0.197775	0.377872	0.574878	0.19447	0.180046	0.203058	0.199991	0.204495	0.214819	0.218878	0.226567	0.226597	0.225679	0.321996	0.23648	0.39889	0.223981	0.234119	0.232173	0.241852	0.228638	0.227549	0.22566	0.216747	0.218826	0.214455	0.213543	0.220465	0.222978	0.215441	0.22088	0.22003	0.216817	0.224134	0.222106	0.222243	0.222628	0.223851	0.223636	0.426118	0.223894	0.222268	0.222709	
0.200208	0.528143	0.530002	0.196512	0.428303	0.133299	0.221561	0.224887	0.218656	0.177236	0.708266	0.223494	0.198168	0.158237	0.396358	0.19447	0.180046	0.203058	0.199991	0.204495	0.214819	0.218878	0.226567	0.226597	0.225679	0.221841	0.236212	0.398909	0.224501	0.234096	0.231938	0.241806	0.226706	0.227549	0.226782	0.216747	0.219194	0.214455	0.213539	0.220465	0.222978	0.215441	0.22088	0.22003	0.216817	0.224057	0.222176	0.222223	0.222305	0.22371	0.223785	0.220959	0.224128	0.222278	0.222632	
0.199795	0.527097	0.412346	0.197578	0.428472	0.13573	0.221951	0.224887	0.218932	0.177058	0.602257	0.22358	0.198627	0.160012	0.21823	0.19447	0.180046	0.203058	0.199991	0.204495	0.214819	0.218878	0.226567	0.226597	0.225679	0.222277	0.23544	0.227272	0.225265	0.234074	0.231521	0.241741	0.225226	0.227546	0.228294	0.216747	0.219582	0.214455	0.213533	0.220465	0.222978	0.215441	0.22088	0.22003	0.216817	0.224085	0.222259	0.222208	0.221953	0.223648	0.223879	0.221168	0.224277	0.222359	0.222559	
0.199371	0.417668	0.294961	0.198565	0.224381	0.26856	0.222262	0.224887	0.21902	0.17699	0.392104	0.223407	0.198996	0.160798	0.218847	0.19447	0.180046	0.203058	0.199991	0.204495	0.214819	0.218878	0.226567	0.226597	0.225679	0.222586	0.234606	0.227261	0.225982	0.23406	0.2309	0.241623	0.224523	0.227549	0.230054	0.216747	0.219868	0.214455	0.213521	0.220465	0.222978	0.215441	0.22088	0.22003	0.216817	0.22424	0.222313	0.222199	0.221659	0.223648	0.223946	0.221373	0.224292	0.222498	0.222499	
0.199066	0.308705	0.177452	0.199289	0.224189	0.497487	0.222518	0.224887	0.219073	0.176993	0.206284	0.22298	0.199211	0.16093	0.396182	0.19447	0.180046	0.203058	0.199991	0.204495	0.214819	0.218878	0.226567	0.226597	0.225679	0.2229	0.233913	0.227105	0.226404	0.234054	0.230105	0.241495	0.22466	0.227582	0.231743	0.216747	0.220005	0.214455	0.213527	0.220465	0.222978	0.215441	0.22088	0.22003	0.216817	0.224483	0.222301	0.222193	0.221546	0.223693	0.224032	0.2215	0.224199	0.22265	0.222447	
0.198925	0.199792	0.177038	0.199796	0.223493	0.50329	0.222779	0.224887	0.219133	0.176997	0.206039	0.222342	0.199316	0.160845	0.396636	0.19447	0.180046	0.203058	0.199991	0.204495	0.214819	0.218878	0.226567	0.226597	0.225679	0.223351	0.23331	0.226772	0.22647	0.234052	0.229272	0.241398	0.22508	0.227632	0.233076	0.216747	0.220028	0.214455	0.213615	0.220465	0.222978	0.215441	0.22088	0.22003	0.216817	0.224736	0.22219	0.222202	0.221703	0.22377	0.224154	0.221547	0.224045	0.222784	0.222398	
0.198905	0.199672	0.176592	0.200272	0.222323	0.380211	0.223117	0.224888	0.219169	0.176997	0.205978	0.221644	0.199411	0.160792	0.397214	0.19447	0.180046	0.203058	0.199991	0.204495	0.214819	0.218878	0.226567	0.226597	0.225679	0.224022	0.232601	0.226318	0.226246	0.234051	0.228603	0.241345	0.225358	0.227669	0.234062	0.216747	0.220016	0.214455	0.213833	0.220465	0.222978	0.215441	0.22088	0.22003	0.216817	0.224918	0.221948	0.22224	0.222103	0.223867	0.224288	0.221577	0.223871	0.222896	0.222357	
0.198918	0.199796	0.176343	0.412552	0.220921	0.162203	0.223519	0.224885	0.219159	0.176997	0.205993	0.22109	0.199553	0.160822	0.221045	0.19447	0.180046	0.203058	0.199991	0.204495	0.214819	0.218878	0.226567	0.226597	0.225679	0.224986	0.231705	0.225873	0.225966	0.234064	0.228196	0.241329	0.225414	0.227659	0.234944	0.216747	0.220012	0.214455	0.214162	0.220465	0.222978	0.215441	0.22088	0.22003	0.216817	0.224985	0.221577	0.222324	0.222614	0.22397	0.224389	0.221672	0.223724	0.222993	0.222381	
0.198922	0.200121	0.175929	0.41351	0.219689	0.165677	0.223915	0.224874	0.219111	0.176997	0.206006	0.220793	0.199697	0.160924	0.221726	0.19447	0.180046	0.203058	0.199991	0.204495	0.214819	0.218878	0.226567	0.226597	0.225679	0.226247	0.230763	0.225567	0.226103	0.234103	0.228066	0.241326	0.22533	0.227593	0.235868	0.216747	0.220012	0.214455	0.214509	0.220465	0.222978	0.215441	0.22088	0.22003	0.216817	0.224936	0.22113	0.22246	0.22308	0.224058	0.224441	0.22186	0.223643	0.223073	0.222519	
0.198922	0.200236	0.175145	0.415074	0.2191	0.167995	0.224227	0.224856	0.219049	0.176997	0.206011	0.22073	0.199793	0.161076	0.22232	0.19447	0.180046	0.203058	0.199991	0.204495	0.214819	0.218878	0.226567	0.226597	0.225679	0.227667	0.230024	0.225407	0.227136	0.234169	0.228065	0.241327	0.225248	0.227509	0.236719	0.216747	0.220012	0.214455	0.214771	0.220465	0.222978	0.215441	0.22088	0.22003	0.216817	0.224801	0.220699	0.222624	0.223414	0.224113	0.224456	0.222096	0.223659	0.223124	0.222756	
0.198922	0.199935	0.174396	0.205598	0.219269	0.289234	0.224454	0.224835	0.219017	0.176997	0.206037	0.220776	0.199834	0.161213	0.222789	0.19447	0.180046	0.203058	0.199991	0.204495	0.214819	0.218878	0.226567	0.226597	0.225679	0.228998	0.229654	0.225502	0.229243	0.234245	0.228067	0.241327	0.225188	0.227476	0.237252	0.216747	0.220012	0.214455	0.214902	0.220465	0.222978	0.215441	0.22088	0.22003	0.216817	0.224633	0.220359	0.222782	0.42792	0.224133	0.224464	0.222296	0.223782	0.223153	0.223058	
0.198923	0.199473	0.174316	0.208214	0.219881	0.501199	0.224679	0.224817	0.219086	0.176997	0.206102	0.220842	0.199837	0.161412	0.223153	0.19447	0.180046	0.203058	0.199991	0.204495	0.214819	0.218878	0.226567	0.226597	0.225679	0.230135	0.229698	0.225841	0.231988	0.234305	0.228069	0.241327	0.225027	0.227509	0.237373	0.216747	0.220012	0.214455	0.214929	0.220465	0.222978	0.215441	0.22088	0.22003	0.216817	0.224488	0.220129	0.222903	0.428056	0.224129	0.22449	0.222389	0.223981	0.223183	0.223368	
0.198926	0.199156	0.175373	0.21082	0.220583	0.503272	0.224959	0.224807	0.219303	0.176997	0.206201	0.220879	0.199833	0.161988	0.223431	0.19447	0.180046	0.203058	0.199991	0.204495	0.214819	0.218878	0.226567	0.226597	0.225679	0.231254	0.230149	0.226406	0.234671	0.234346	0.228069	0.241327	0.224663	0.227456	0.237173	0.216747	0.220012	0.214455	0.214918	0.220465	0.222978	0.215441	0.22088	0.22003	0.216817	0.224413	0.219993	0.222987	0.428143	0.224123	0.224534	0.222347	0.224205	0.223228	0.223629	
0.198919	0.199032	0.177699	0.212978	0.321471	0.385771	0.225298	0.224804	0.219642	0.176997	0.206306	0.220848	0.199833	0.163284	0.223624	0.19447	0.180046	0.203058	0.199991	0.204495	0.214819	0.218878	0.226567	0.226597	0.225679	0.232612	0.230923	0.227093	0.236664	0.234384	0.228069	0.241327	0.224088	0.227536	0.236713	0.216747	0.220012	0.214455	0.214911	0.220465	0.222978	0.215441	0.22088	0.22003	0.216817	0.224424	0.219951	0.223047	0.223863	0.224133	0.224586	0.222202	0.224388	0.223289	0.22379	
0.198884	0.199009	0.181114	0.214472	0.497254	0.177132	0.225644	0.224804	0.220006	0.176997	0.206387	0.220697	0.199833	0.165364	0.223715	0.19447	0.180046	0.203058	0.199991	0.204495	0.214819	0.218878	0.226567	0.226597	0.225679	0.23436	0.231833	0.22795	0.237806	0.234438	0.228069	0.241327	0.223432	0.228189	0.235904	0.216747	0.220012	0.214455	0.21491	0.220465	0.222978	0.215441	0.22088	0.22003	0.216817	0.224514	0.22003	0.427598	0.223769	0.224165	0.224636	0.222028	0.22449	0.223355	0.223819	
0.198811	0.199169	0.185134	0.215334	0.497592	0.178413	0.225927	0.224805	0.220264	0.176997	0.206425	0.220316	0.199833	0.167871	0.223713	0.19447	0.180046	0.203058	0.199991	0.204495	0.214819	0.218878	0.226567	0.226597	0.225679	0.236258	0.232649	0.229484	0.238311	0.234515	0.228071	0.241327	0.22292	0.229577	0.234624	0.216747	0.220012	0.214455	0.21491	0.220465	0.222978	0.215441	0.22088	0.22003	0.216817	0.224648	0.220263	0.427614	0.223575	0.224221	0.22469	0.221884	0.224506	0.223423	0.22372	
0.198714	0.199818	0.189174	0.215832	0.397455	0.179598	0.226117	0.224805	0.220328	0.176997	0.206432	0.21966	0.199833	0.170199	0.223702	0.19447	0.180046	0.203058	0.199991	0.204495	0.214819	0.218878	0.226567	0.226597	0.225679	0.331499	0.233213	0.232002	0.238514	0.234591	0.228057	0.241328	0.222645	0.231493	0.232943	0.216747	0.220012	0.214455	0.214914	0.220465	0.222978	0.215441	0.22088	0.22003	0.216817	0.224781	0.220641	0.427601	0.22335	0.22429	0.224756	0.221802	0.224458	0.223507	0.223534	
0.198622	0.201186	0.19276	0.21622	0.222059	0.180949	0.226218	0.224805	0.220204	0.176996	0.206444	0.218865	0.199833	0.382279	0.223758	0.19447	0.180046	0.203058	0.199991	0.204495	0.214819	0.218878	0.226567	0.226597	0.225679	0.426196	0.233504	0.235421	0.238627	0.234637	0.228023	0.241338	0.222584	0.233238	0.231287	0.216747	0.220012	0.214455	0.214926	0.220465	0.222978	0.215441	0.22088	0.22003	0.216817	0.224883	0.221103	0.223055	0.223169	0.224349	0.224828	0.221795	0.224397	0.415656	0.223367	
0.198561	0.203201	0.195816	0.216649	0.221731	0.182454	0.226267	0.224805	0.219991	0.17699	0.206493	0.2182	0.199833	0.383204	0.223925	0.19447	0.180046	0.203058	0.199991	0.204495	0.214819	0.218878	0.226567	0.226597	0.225679	0.425803	0.23359	0.238879	0.238714	0.234626	0.228074	0.241337	0.222601	0.234509	0.230152	0.216747	0.220012	0.214455	0.214925	0.220465	0.222978	0.215441	0.22088	0.22003	0.216817	0.224963	0.221585	0.223011	0.223061	0.224369	0.224883	0.22184	0.22436	0.415812	0.223315	
0.198538	0.205548	0.198532	0.217194	0.221322	0.183955	0.226312	0.224805	0.219799	0.17702	0.206573	0.217879	0.199833	0.383567	0.224212	0.19447	0.180046	0.203058	0.199991	0.204495	0.214819	0.218878	0.226567	0.226597	0.225679	0.331139	0.233503	0.241639	0.23867	0.234562	0.228284	0.241261	0.222603	0.235335	0.229792	0.216747	0.220012	0.214455	0.214851	0.220465	0.222978	0.215441	0.22088	0.22003	0.216817	0.225058	0.222035	0.222965	0.223011	0.224337	0.224901	0.221919	0.224367	0.41596	0.223405	
0.198536	0.20795	0.201075	0.217847	0.221045	0.185297	0.226371	0.224805	0.219698	0.177134	0.392473	0.217911	0.199833	0.173248	0.224588	0.19447	0.180046	0.203058	0.199991	0.204495	0.214819	0.218878	0.226567	0.226597	0.225679	0.236059	0.2332	0.243403	0.23828	0.234472	0.228657	0.241054	0.222603	0.235974	0.230037	0.216747	0.220012	0.214455	0.21465	0.220465	0.222978	0.215441	0.22088	0.22003	0.216817	0.225179	0.222416	0.22292	0.22299	0.3236	0.224878	0.222006	0.2244	0.224002	0.223597	
0.198539	0.210268	0.203375	0.218514	0.221013	0.186516	0.226443	0.224805	0.219689	0.177337	0.392464	0.218129	0.199833	0.173315	0.42875	0.19447	0.180046	0.203058	0.199991	0.204495	0.214819	0.218878	0.226567	0.226597	0.225679	0.235219	0.232554	0.244248	0.237435	0.234392	0.229046	0.240727	0.222603	0.2367	0.230533	0.216747	0.220012	0.214455	0.214329	0.220465	0.222978	0.215441	0.22088	0.22003	0.216817	0.225316	0.222709	0.222868	0.222972	0.323533	0.224823	0.222082	0.22443	0.223951	0.223818	
0.198539	0.212419	0.205172	0.320227	0.221222	0.187901	0.226518	0.224805	0.219727	0.177588	0.392369	0.218351	0.199833	0.1736	0.429043	0.19447	0.180046	0.203058	0.199991	0.204495	0.214819	0.218878	0.226567	0.226597	0.225679	0.234305	0.231499	0.244447	0.236282	0.234337	0.229357	0.240369	0.222603	0.237307	0.231052	0.216747	0.220012	0.214455	0.213973	0.220465	0.222978	0.215441	0.22088	0.22003	0.216817	0.225428	0.222924	0.222808	0.322772	0.323494	0.224746	0.222136	0.224452	0.223799	0.223994	
0.198539	0.2143	0.206348	0.320651	0.221575	0.189901	0.2266	0.224805	0.219759	0.1778	0.20639	0.218519	0.199833	0.174221	0.429256	0.19447	0.180046	0.203058	0.199991	0.204495	0.214819	0.218878	0.226567	0.226597	0.225679	0.233058	0.230066	0.243965	0.235153	0.234309	0.229823	0.240091	0.222603	0.237571	0.231572	0.216747	0.220012	0.214455	0.21369	0.220465	0.222978	0.215441	0.22088	0.22003	0.216817	0.225485	0.223094	0.222754	0.322708	0.224162	0.22466	0.222162	0.224489	0.223617	0.224104	
0.198539	0.215814	0.392232	0.321015	0.221958	0.192755	0.2267	0.224805	0.219769	0.177925	0.206265	0.218711	0.199833	0.17512	0.225634	0.19447	0.180046	0.203058	0.199991	0.204495	0.214819	0.218878	0.226567	0.226597	0.225679	0.231579	0.228409	0.404649	0.234369	0.234393	0.230631	0.239949	0.222603	0.237462	0.232162	0.216747	0.220012	0.214455	0.213539	0.220465	0.222978	0.215441	0.22088	0.22003	0.216817	0.225487	0.223228	0.222721	0.322609	0.224186	0.224572	0.222176	0.224556	0.223474	0.224178	
0.198539	0.216954	0.392958	0.220328	0.222269	0.196168	0.226828	0.224805	0.219767	0.177964	0.206195	0.218968	0.199833	0.176099	0.225816	0.19447	0.180046	0.203058	0.199991	0.204495	0.214819	0.218878	0.226567	0.226597	0.225679	0.230424	0.226752	0.403203	0.234011	0.234668	0.231958	0.239919	0.222603	0.237128	0.23282	0.216747	0.220012	0.214455	0.213501	0.220465	0.222978	0.215441	0.22088	0.22003	0.216817	0.225455	0.22329	0.222722	0.222645	0.224228	0.224507	0.222185	0.22464	0.223394	0.224204	
0.198539	0.217766	0.393942	0.220988	0.222471	0.199546	0.227003	0.224805	0.219764	0.177959	0.206176	0.219217	0.199833	0.387391	0.22605	0.19447	0.180046	0.203058	0.199991	0.204495	0.214819	0.218878	0.226567	0.226597	0.225679	0.23015	0.225337	0.401847	0.233951	0.235116	0.233833	0.239929	0.222607	0.236804	0.233361	0.216747	0.220012	0.214455	0.213511	0.220465	0.222978	0.215441	0.22088	0.22003	0.216817	0.225422	0.22324	0.222756	0.222499	0.224284	0.224475	0.222191	0.224706	0.223355	0.224164	
0.198539	0.218345	0.210093	0.221781	0.222608	0.202314	0.227211	0.224805	0.219767	0.177957	0.206203	0.219367	0.199833	0.387809	0.226332	0.19447	0.180046	0.203058	0.199991	0.204495	0.214818	0.218878	0.226567	0.226597	0.225679	0.2308	0.224233	0.333882	0.233986	0.235712	0.23611	0.239935	0.222616	0.236598	0.23353	0.216747	0.220012	0.214455	0.21352	0.220465	0.222978	0.215441	0.22088	0.22003	0.216817	0.2254	0.223084	0.222813	0.222359	0.224348	0.224484	0.222204	0.224739	0.223327	0.22405	
0.198539	0.218801	0.211535	0.222518	0.222747	0.204263	0.227408	0.224805	0.219782	0.177957	0.206283	0.219389	0.199833	0.387953	0.429876	0.19447	0.180046	0.203058	0.199991	0.204495	0.214813	0.218878	0.226567	0.226597	0.225679	0.433099	0.223284	0.333508	0.233967	0.236441	0.238667	0.239935	0.222627	0.236273	0.23323	0.216747	0.220012	0.214455	0.213521	0.220465	0.222978	0.215441	0.22088	0.22003	0.216817	0.225389	0.222884	0.222885	0.222259	0.224404	0.22453	0.222228	0.224753	0.223304	0.223893	
0.198539	0.219208	0.212943	0.223025	0.222944	0.205516	0.227561	0.224805	0.219814	0.177957	0.206419	0.21933	0.199833	0.177603	0.430102	0.19447	0.180046	0.203058	0.199991	0.204495	0.214833	0.218878	0.226567	0.226597	0.225679	0.434095	0.222167	0.333444	0.233795	0.237293	0.241125	0.239934	0.222624	0.235644	0.232596	0.216747	0.220012	0.214455	0.213521	0.220465	0.222978	0.215441	0.22088	0.22003	0.216817	0.225389	0.222718	0.22297	0.222233	0.224437	0.224586	0.222276	0.224765	0.223292	0.223762	
0.198539	0.219601	0.214133	0.22326	0.223223	0.206336	0.22766	0.224805	0.219857	0.177957	0.206586	0.219258	0.199833	0.178015	0.430273	0.19447	0.180046	0.203058	0.199991	0.204495	0.214911	0.218878	0.226567	0.226597	0.225679	0.43468	0.220631	0.238807	0.233422	0.238201	0.243167	0.239933	0.222664	0.234627	0.231904	0.216747	0.220012	0.214455	0.213521	0.220465	0.222978	0.215441	0.22088	0.22003	0.216817	0.225386	0.222619	0.223073	0.222311	0.224443	0.224653	0.222354	0.224795	0.22329	0.22369	
0.198539	0.219992	0.214922	0.223308	0.223549	0.207072	0.227741	0.224805	0.219898	0.177957	0.206733	0.219221	0.199833	0.389293	0.227137	0.19447	0.180046	0.203058	0.199991	0.204495	0.215048	0.218878	0.226567	0.226597	0.225679	0.23366	0.218709	0.238798	0.2329	0.238917	0.244541	0.239944	0.222886	0.233362	0.231305	0.216747	0.220012	0.214455	0.213521	0.220465	0.222978	0.215441	0.22088	0.22003	0.216817	0.22537	0.222578	0.223191	0.222504	0.224431	0.224735	0.222462	0.224829	0.223274	0.223681	
0.198539	0.220408	0.215314	0.427746	0.223915	0.20794	0.227852	0.224805	0.219925	0.177957	0.206823	0.219215	0.199833	0.389975	0.227256	0.19447	0.180046	0.203058	0.199991	0.204495	0.215218	0.218878	0.226567	0.226597	0.225679	0.233622	0.216655	0.238622	0.232377	0.239248	0.245069	0.239973	0.223328	0.232224	0.230746	0.216747	0.220012	0.214455	0.213521	0.220465	0.222978	0.215441	0.22088	0.22003	0.216817	0.225354	0.22258	0.223308	0.397271	0.224419	0.224828	0.222584	0.224843	0.223207	0.223694	
0.198539	0.220887	0.215571	0.427769	0.224306	0.209008	0.228007	0.224805	0.219937	0.177957	0.206855	0.219219	0.199833	0.390197	0.227395	0.19447	0.180046	0.203058	0.199991	0.204495	0.215361	0.218878	0.226567	0.226597	0.225679	0.233556	0.214795	0.23824	0.232007	0.239148	0.244895	0.240001	0.223965	0.231367	0.230018	0.216747	0.220012	0.214455	0.213521	0.220465	0.222978	0.215441	0.22088	0.22003	0.216817	0.225365	0.222625	0.2234	0.39764	0.224424	0.224928	0.222686	0.224826	0.223073	0.223699	
0.198539	0.221408	0.216093	0.42787	0.224657	0.418609	0.228175	0.224805	0.219938	0.177957	0.206855	0.219248	0.199833	0.179058	0.227576	0.19447	0.180046	0.203058	0.199991	0.204495	0.215444	0.218878	0.226567	0.226597	0.225679	0.233437	0.213325	0.237653	0.231842	0.238601	0.244265	0.239996	0.224692	0.23083	0.228956	0.216747	0.220012	0.214455	0.213521	0.220465	0.222978	0.215441	0.22088	0.22003	0.216817	0.225429	0.222714	0.223443	0.398036	0.224449	0.22502	0.222739	0.22478	0.222892	0.223704	
0.198539	0.221868	0.21713	0.223576	0.224899	0.419938	0.228321	0.224805	0.219936	0.177957	0.206849	0.219317	0.199833	0.177844	0.22779	0.19447	0.180046	0.203058	0.199991	0.204495	0.215469	0.218878	0.226567	0.226597	0.225679	0.401091	0.212282	0.23701	0.231821	0.237588	0.243427	0.239935	0.225584	0.230521	0.227587	0.216747	0.220012	0.214455	0.213521	0.220465	0.222978	0.215441	0.22088	0.22003	0.216817	0.225536	0.222828	0.223434	0.223941	0.224484	0.225095	0.222748	0.224725	0.222719	0.223711	
0.198539	0.222153	0.424054	0.223803	0.224975	0.421116	0.228448	0.224805	0.219935	0.177957	0.206847	0.219423	0.199833	0.176402	0.228011	0.19447	0.180046	0.203058	0.199991	0.204495	0.215465	0.218878	0.226567	0.226597	0.225679	0.400377	0.211535	0.236482	0.231838	0.236045	0.242604	0.239835	0.22684	0.230366	0.226099	0.216747	0.220012	0.214455	0.213521	0.220465	0.222978	0.215441	0.22088	0.22003	0.216817	0.225655	0.222949	0.223387	0.224244	0.224518	0.225142	0.222753	0.224678	0.222622	0.223726	
0.198539	0.222273	0.425596	0.224069	0.224967	0.213665	0.228582	0.224805	0.219935	0.177957	0.206847	0.219536	0.199833	0.175204	0.228205	0.19447	0.180046	0.203058	0.199991	0.204495	0.215462	0.218878	0.226567	0.226597	0.225679	0.399414	0.210869	0.236175	0.231845	0.234017	0.24193	0.239731	0.22842	0.230369	0.224692	0.216747	0.220012	0.214455	0.213521	0.220465	0.222978	0.215441	0.22088	0.22003	0.216817	0.225746	0.223073	0.223331	0.224438	0.224548	0.225154	0.222787	0.224652	0.22264	0.223757	
0.198539	0.222364	0.426871	0.428363	0.225019	0.214262	0.228726	0.224805	0.219935	0.177957	0.206847	0.21962	0.199833	0.174493	0.22836	0.19447	0.180046	0.203058	0.199991	0.204495	0.215462	0.218878	0.226567	0.226597	0.225679	0.23042	0.210127	0.23609	0.231846	0.231902	0.241454	0.23968	0.230112	0.230418	0.223506	0.216747	0.220012	0.214455	0.213521	0.220465	0.222978	0.215441	0.22088	0.22003	0.216817	0.225779	0.223194	0.223282	0.224509	0.224581	0.225139	0.222856	0.224652	0.222757	0.223803	
0.198539	0.222584	0.222287	0.428328	0.225179	0.214746	0.228869	0.224805	0.219935	0.177957	0.206847	0.219662	0.199833	0.174275	0.228487	0.19447	0.180046	0.203058	0.199991	0.204495	0.215462	0.218878	0.226567	0.226597	0.225679	0.229556	0.209402	0.236044	0.231846	0.230312	0.241187	0.239811	0.231475	0.230428	0.222626	0.216747	0.220012	0.214455	0.213521	0.220465	0.222978	0.215441	0.22088	0.22003	0.216817	0.225758	0.223296	0.223236	0.224477	0.224623	0.225101	0.222932	0.224653	0.222917	0.223857	
0.198539	0.222985	0.222793	0.428008	0.225415	0.215314	0.228998	0.224805	0.219935	0.177957	0.206847	0.21967	0.199833	0.17456	0.228602	0.19447	0.180046	0.203058	0.199991	0.204495	0.215462	0.218878	0.226567	0.226597	0.225679	0.402845	0.209075	0.235854	0.231846	0.229825	0.240976	0.240242	0.2323	0.23042	0.222061	0.216747	0.220012	0.214455	0.213521	0.220465	0.222978	0.215441	0.22088	0.22003	0.216817	0.225701	0.223353	0.223179	0.224381	0.224667	0.225056	0.222992	0.224633	0.223065	0.223906	
0.198539	0.223469	0.222985	0.22339	0.225629	0.216075	0.229106	0.224805	0.219935	0.177957	0.206847	0.219667	0.199833	0.175381	0.22872	0.19447	0.180046	0.203058	0.199991	0.204495	0.215462	0.218878	0.226567	0.226597	0.225679	0.401813	0.209525	0.235474	0.231846	0.230407	0.240752	0.240973	0.232712	0.230428	0.221714	0.216747	0.220012	0.214455	0.213521	0.220465	0.222978	0.215441	0.22088	0.22003	0.216817	0.225642	0.223366	0.223104	0.224265	0.224696	0.225015	0.223018	0.22459	0.223179	0.223951	
0.198539	0.223888	0.2229	0.222884	0.225774	0.217038	0.22921	0.224805	0.219935	0.177957	0.206847	0.219665	0.199833	0.176542	0.228846	0.19447	0.180046	0.203058	0.199991	0.204495	0.215462	0.218878	0.226567	0.226597	0.225679	0.400405	0.210723	0.234956	0.231846	0.231537	0.240439	0.241845	0.23283	0.23035	0.221397	0.216747	0.220012	0.214455	0.213521	0.220465	0.222978	0.215441	0.22088	0.22003	0.216817	0.225612	0.223356	0.223023	0.22416	0.224701	0.224983	0.223009	0.22453	0.223271	0.22401	
0.198539	0.224141	0.222623	0.39754	0.225856	0.218089	0.229325	0.224805	0.219935	0.177957	0.206847	0.219665	0.199833	0.17749	0.228969	0.19447	0.180046	0.203058	0.199991	0.204495	0.215462	0.218878	0.226567	0.226597	0.225679	0.224602	0.212213	0.234476	0.231846	0.232642	0.240029	0.242646	0.232803	0.229993	0.220938	0.216747	0.220012	0.214455	0.213521	0.220465	0.222978	0.215441	0.22088	0.22003	0.216817	0.225625	0.223335	0.222949	0.224083	0.224688	0.224957	0.222984	0.224469	0.223362	0.224091	
0.198539	0.22419	0.222273	0.397508	0.429471	0.219001	0.229442	0.224805	0.219935	0.177957	0.206847	0.219665	0.199833	0.177775	0.229067	0.19447	0.180046	0.203058	0.199991	0.204495	0.215462	0.218878	0.226567	0.226597	0.225679	0.222903	0.213568	0.234167	0.231859	0.233378	0.239676	0.243238	0.434046	0.229317	0.220244	0.216747	0.220012	0.214455	0.213521	0.220465	0.222978	0.215441	0.22088	0.22003	0.216817	0.225675	0.22329	0.222887	0.224042	0.22467	0.224937	0.222953	0.22442	0.22345	0.224191	
0.198539	0.224013	0.221937	0.397765	0.429575	0.219554	0.229545	0.224805	0.219935	0.177957	0.206847	0.219665	0.199833	0.177576	0.229135	0.19447	0.180046	0.203058	0.199991	0.204495	0.215462	0.218878	0.226567	0.226597	0.225679	0.221441	0.214744	0.234047	0.231891	0.233724	0.239465	0.243526	0.433631	0.228434	0.219341	0.216747	0.220012	0.214455	0.213521	0.220465	0.222978	0.215441	0.22088	0.22003	0.216817	0.225735	0.223207	0.222839	0.224035	0.224657	0.224929	0.222932	0.224385	0.223508	0.224272	
0.198539	0.223595	0.221625	0.223193	0.42968	0.219659	0.229612	0.224805	0.219935	0.177957	0.206847	0.219665	0.199833	0.177576	0.229184	0.19447	0.180046	0.203058	0.199991	0.204495	0.215462	0.218878	0.226567	0.226597	0.225679	0.220323	0.21605	0.23405	0.231859	0.233753	0.239409	0.243424	0.433182	0.227648	0.218302	0.216747	0.220012	0.214455	0.213521	0.220465	0.222978	0.215441	0.22088	0.22003	0.216817	0.225782	0.223097	0.222802	0.224039	0.224654	0.224938	0.222936	0.224372	0.223507	0.224306	
0.198539	0.222941	0.221271	0.223545	0.226214	0.219414	0.22963	0.224805	0.219935	0.177957	0.206847	0.219665	0.199833	0.17832	0.399451	0.19447	0.180046	0.203058	0.199991	0.204495	0.215462	0.218878	0.226567	0.226597	0.225679	0.219567	0.217818	0.234059	0.231586	0.233506	0.23942	0.242797	0.231338	0.22711	0.217247	0.216747	0.220012	0.214455	0.213521	0.220465	0.222978	0.215441	0.22088	0.22003	0.216817	0.225808	0.222998	0.222788	0.224027	0.224672	0.224965	0.222966	0.224373	0.223449	0.224286	
0.198539	0.222094	0.404996	0.22364	0.22624	0.218985	0.2296	0.224805	0.219935	0.177957	0.206847	0.219665	0.199833	0.179676	0.399499	0.19447	0.180046	0.203058	0.199991	0.204495	0.215462	0.218878	0.226567	0.226597	0.225679	0.219095	0.220198	0.234059	0.230953	0.232746	0.239418	0.241538	0.231108	0.226771	0.216315	0.216747	0.220012	0.214455	0.213521	0.220465	0.222978	0.215441	0.22088	0.22003	0.216817	0.225809	0.222946	0.222805	0.223983	0.224729	0.224997	0.223023	0.224399	0.223365	0.224217	
0.198539	0.22115	0.593039	0.223433	0.226276	0.396585	0.22955	0.224805	0.219933	0.177957	0.206847	0.219665	0.199833	0.180937	0.39955	0.19447	0.180046	0.203058	0.199991	0.204495	0.215462	0.218878	0.226567	0.226597	0.225679	0.218737	0.223299	0.234053	0.230038	0.231363	0.239407	0.239865	0.230968	0.226495	0.215626	0.216747	0.220012	0.214455	0.213521	0.220465	0.222978	0.215441	0.22088	0.22003	0.216817	0.22579	0.222942	0.222846	0.411064	0.224821	0.225019	0.223095	0.224457	0.322989	0.224125	
0.198539	0.22022	0.592106	0.223085	0.226382	0.396016	0.229542	0.224805	0.219932	0.177957	0.206847	0.219665	0.199833	0.181484	0.229366	0.19447	0.180046	0.203058	0.199991	0.204495	0.215462	0.218878	0.226567	0.226597	0.225679	0.218271	0.226922	0.234039	0.2291	0.229632	0.239398	0.238206	0.230882	0.226149	0.215178	0.216747	0.220012	0.214455	0.213521	0.220465	0.222978	0.215441	0.22088	0.22003	0.216817	0.22576	0.222961	0.222892	0.411012	0.224924	0.225023	0.223173	0.224541	0.322947	0.224027	
0.198539	0.219435	0.406768	0.427464	0.226595	0.39548	0.229604	0.224805	0.219938	0.177957	0.206847	0.219665	0.199833	0.181277	0.399544	0.19447	0.180046	0.203058	0.199991	0.204495	0.215462	0.218878	0.226567	0.226597	0.225679	0.217539	0.230657	0.234018	0.22841	0.228005	0.239292	0.236955	0.230855	0.225846	0.214856	0.216747	0.220012	0.214455	0.213521	0.220465	0.222978	0.215441	0.22088	0.22003	0.216817	0.225739	0.222977	0.222914	0.411001	0.224996	0.225015	0.22324	0.224637	0.322912	0.223956	
0.198539	0.218885	0.216882	0.427476	0.22689	0.21683	0.229713	0.224805	0.219967	0.177957	0.206847	0.219665	0.199833	0.180707	0.399514	0.19447	0.180046	0.203058	0.199991	0.204495	0.215462	0.218878	0.226567	0.226597	0.225679	0.216557	0.233855	0.233998	0.228067	0.226908	0.238983	0.236187	0.230839	0.225668	0.214556	0.216747	0.220012	0.214455	0.213521	0.220465	0.222978	0.215441	0.22088	0.22003	0.216817	0.225745	0.22298	0.222903	0.223893	0.225009	0.22501	0.223284	0.224707	0.223166	0.223948	
0.198539	0.218602	0.215957	0.42779	0.227206	0.21616	0.22981	0.224805	0.220023	0.177957	0.206847	0.219665	0.199833	0.180162	0.399479	0.19447	0.180046	0.203058	0.199991	0.204495	0.215462	0.218878	0.226567	0.226597	0.225679	0.215542	0.236142	0.233987	0.22797	0.226286	0.238468	0.235833	0.230796	0.225615	0.214289	0.216747	0.220012	0.214455	0.213521	0.220465	0.222978	0.215441	0.22088	0.22003	0.216817	0.22579	0.222969	0.222869	0.223954	0.22496	0.225015	0.223307	0.224728	0.223099	0.224	
0.198539	0.21851	0.215444	0.223659	0.227489	0.215156	0.229831	0.224805	0.220093	0.177957	0.206847	0.219665	0.199833	0.179807	0.229284	0.19447	0.180046	0.203058	0.199991	0.204495	0.215462	0.218878	0.226567	0.226597	0.225679	0.214739	0.237578	0.233987	0.227946	0.225819	0.237834	0.235866	0.230731	0.225623	0.214213	0.216747	0.220012	0.214455	0.213521	0.220465	0.222978	0.215441	0.22088	0.22003	0.216817	0.22585	0.22294	0.222834	0.224015	0.224875	0.225026	0.223325	0.2247	0.223052	0.22409	
0.198539	0.218482	0.215351	0.224176	0.227713	0.213784	0.229774	0.224805	0.220158	0.177957	0.206847	0.219665	0.199833	0.17965	0.229295	0.19447	0.180046	0.203058	0.199991	0.204495	0.215462	0.218878	0.226567	0.226597	0.225679	0.214209	0.238607	0.233994	0.227915	0.225218	0.237298	0.2363	0.230665	0.225626	0.214507	0.216747	0.220012	0.214455	0.213521	0.220465	0.222978	0.215441	0.22088	0.22003	0.216817	0.225866	0.222893	0.222815	0.224061	0.22479	0.225038	0.223344	0.224655	0.223062	0.224174	
0.198539	0.218411	0.215528	0.224553	0.227881	0.212347	0.229694	0.224805	0.2202	0.177957	0.206847	0.219665	0.199833	0.179638	0.229321	0.19447	0.180046	0.203058	0.199991	0.204495	0.215462	0.218878	0.226567	0.226597	0.225679	0.395695	0.239654	0.234001	0.227886	0.224433	0.236976	0.237116	0.23062	0.225626	0.215183	0.216747	0.220012	0.214455	0.213521	0.220465	0.222978	0.215441	0.22088	0.22003	0.216817	0.225792	0.222833	0.222812	0.224092	0.224731	0.22505	0.223357	0.224618	0.223128	0.224233	
0.198539	0.218254	0.215804	0.224763	0.228015	0.419943	0.229681	0.224805	0.220215	0.177957	0.206847	0.219665	0.199833	0.179709	0.229341	0.19447	0.180046	0.203058	0.199991	0.204495	0.215462	0.218878	0.226567	0.226597	0.225679	0.39529	0.240745	0.234004	0.227877	0.223733	0.236881	0.23812	0.230601	0.225626	0.216017	0.216747	0.220012	0.214455	0.213521	0.220465	0.222978	0.215441	0.22088	0.22003	0.216817	0.225624	0.222779	0.222818	0.224116	0.224722	0.225062	0.223353	0.224597	0.223207	0.224274	
0.198539	0.21804	0.422848	0.224898	0.22814	0.523975	0.229774	0.224805	0.220216	0.177957	0.206847	0.219665	0.199833	0.179858	0.229332	0.19447	0.180046	0.203058	0.199991	0.204495	0.215462	0.218878	0.226567	0.226597	0.225679	0.394872	0.241506	0.234003	0.227877	0.223282	0.236895	0.239015	0.230594	0.225626	0.216732	0.216747	0.220012	0.214455	0.213521	0.220465	0.222978	0.215441	0.22088	0.22003	0.216817	0.225434	0.222751	0.222823	0.224136	0.22477	0.225074	0.223328	0.224589	0.223256	0.224301	
0.198539	0.217853	0.621493	0.225027	0.228264	0.524255	0.229922	0.224805	0.220213	0.177957	0.206847	0.219665	0.199833	0.180109	0.229304	0.19447	0.180046	0.203058	0.199991	0.204495	0.215462	0.218878	0.226567	0.226597	0.225679	0.212763	0.241679	0.234004	0.227879	0.223105	0.236904	0.239571	0.230577	0.225626	0.217201	0.216747	0.220012	0.214455	0.213521	0.220465	0.222978	0.215441	0.22088	0.22003	0.216817	0.22529	0.222764	0.222818	0.224146	0.224859	0.225084	0.223293	0.224591	0.223264	0.224318	
0.198539	0.217774	0.621867	0.225142	0.228388	0.316201	0.230057	0.224805	0.220212	0.177957	0.206847	0.219665	0.199833	0.180496	0.229287	0.19447	0.180046	0.203058	0.199991	0.204495	0.215462	0.218878	0.226567	0.226597	0.225679	0.21295	0.241379	0.234028	0.227879	0.223078	0.236901	0.239737	0.230558	0.225622	0.217535	0.216747	0.220012	0.214455	0.213521	0.220465	0.222978	0.215441	0.22088	0.22003	0.216817	0.225227	0.222818	0.222797	0.224141	0.224953	0.225095	0.223262	0.224607	0.223241	0.22432	
0.198539	0.217801	0.415346	0.225184	0.228498	0.212335	0.230125	0.224805	0.220212	0.177957	0.206847	0.219665	0.199833	0.181082	0.229302	0.19447	0.180046	0.203058	0.199991	0.204495	0.215462	0.218878	0.226567	0.226597	0.225679	0.420971	0.240873	0.234062	0.227879	0.223081	0.236853	0.239518	0.230471	0.225625	0.218029	0.216747	0.220012	0.214455	0.213521	0.220465	0.222978	0.215441	0.22088	0.22003	0.216817	0.225251	0.222889	0.222758	0.224126	0.225022	0.225118	0.223244	0.224635	0.223202	0.224306	
0.198539	0.217835	0.216979	0.225131	0.22858	0.212573	0.230132	0.224805	0.220212	0.177957	0.206847	0.219665	0.199833	0.181937	0.229353	0.19447	0.180046	0.203058	0.199991	0.204495	0.215462	0.218878	0.226567	0.226597	0.225679	0.421734	0.240273	0.234141	0.227879	0.223105	0.236742	0.238874	0.230191	0.225675	0.218988	0.216747	0.220012	0.214455	0.213521	0.220465	0.222978	0.215441	0.22088	0.22003	0.216817	0.225334	0.22294	0.222706	0.224117	0.225058	0.225157	0.223238	0.224669	0.223155	0.224285	
0.198539	0.217748	0.216623	0.225035	0.228625	0.212532	0.230131	0.224805	0.220212	0.177957	0.206847	0.219662	0.199833	0.183021	0.326687	0.19447	0.180046	0.203058	0.199991	0.204495	0.215462	0.218878	0.226567	0.226597	0.225679	0.422328	0.239466	0.234513	0.227879	0.223166	0.23658	0.237853	0.229691	0.225785	0.220586	0.216747	0.220012	0.214455	0.213521	0.220465	0.222978	0.215441	0.22088	0.22003	0.216817	0.22546	0.222941	0.22265	0.224122	0.225079	0.225197	0.223237	0.224696	0.223112	0.224252	
0.198539	0.217475	0.216204	0.224957	0.228627	0.420518	0.230162	0.224805	0.220212	0.177957	0.206847	0.21966	0.199833	0.184143	0.32674	0.19447	0.180046	0.203058	0.199991	0.204495	0.215462	0.218878	0.226567	0.226597	0.225679	0.21523	0.238193	0.235275	0.227879	0.223277	0.236416	0.236681	0.229044	0.225939	0.222972	0.216747	0.220012	0.214455	0.213521	0.220465	0.222978	0.215441	0.22088	0.22003	0.216817	0.225592	0.222892	0.222598	0.224138	0.225104	0.225218	0.223236	0.22471	0.223095	0.224214	
0.198539	0.217065	0.215899	0.224919	0.228593	0.420495	0.230238	0.224805	0.220212	0.177957	0.206847	0.219681	0.199833	0.185048	0.326777	0.19447	0.180046	0.203058	0.199991	0.204495	0.215462	0.218878	0.226567	0.226597	0.225679	0.215397	0.236343	0.236357	0.227879	0.223398	0.236291	0.235654	0.228456	0.226087	0.226049	0.216747	0.220012	0.214455	0.213521	0.220465	0.222978	0.215441	0.22088	0.22003	0.216817	0.225678	0.222818	0.397468	0.22416	0.225133	0.225207	0.427707	0.224713	0.223115	0.224187	
0.198539	0.216671	0.422737	0.224924	0.228541	0.420596	0.230323	0.224805	0.220212	0.177957	0.206847	0.219742	0.199833	0.185581	0.229537	0.19447	0.180046	0.203058	0.199991	0.204495	0.215462	0.218878	0.226567	0.226597	0.225679	0.215799	0.234077	0.237407	0.227879	0.223552	0.236195	0.235012	0.228084	0.226171	0.229458	0.216747	0.220012	0.214455	0.213521	0.220465	0.222978	0.215441	0.22088	0.22003	0.216817	0.22569	0.222749	0.397442	0.224187	0.225152	0.225173	0.427688	0.224707	0.223165	0.224182	
0.198539	0.216471	0.422844	0.225007	0.228496	0.212663	0.23038	0.224805	0.220212	0.177957	0.206847	0.219846	0.199833	0.185769	0.229579	0.19447	0.180046	0.203058	0.199991	0.204495	0.215462	0.218878	0.226567	0.226597	0.225679	0.216856	0.231725	0.238104	0.227879	0.223921	0.236108	0.234751	0.227944	0.226184	0.232509	0.216747	0.220012	0.214455	0.213521	0.220465	0.222978	0.215441	0.22088	0.22003	0.216817	0.225626	0.222705	0.397435	0.224222	0.225149	0.225136	0.427656	0.224697	0.223218	0.224202	
0.198539	0.216569	0.423216	0.22518	0.228479	0.212878	0.230395	0.224805	0.220212	0.177957	0.206847	0.219964	0.199833	0.185771	0.229636	0.19447	0.180046	0.203058	0.199991	0.204495	0.215462	0.218878	0.226567	0.226597	0.225679	0.218845	0.229647	0.238413	0.227879	0.224454	0.236002	0.234724	0.227919	0.226279	0.234735	0.216747	0.220012	0.214455	0.213521	0.220465	0.222978	0.215441	0.22088	0.22003	0.216817	0.225536	0.222691	0.222537	0.224267	0.225131	0.22511	0.223142	0.224688	0.22325	0.224229	
0.198539	0.216964	0.216904	0.225393	0.22847	0.213155	0.230368	0.224805	0.220212	0.177957	0.206847	0.22006	0.199833	0.185739	0.229708	0.19447	0.180046	0.203058	0.199991	0.204495	0.215462	0.218878	0.226567	0.226597	0.225679	0.221853	0.228086	0.238218	0.227879	0.224938	0.235899	0.234754	0.227845	0.226631	0.23607	0.216747	0.220012	0.214455	0.213521	0.220465	0.222978	0.215441	0.22088	0.22003	0.216817	0.225473	0.222699	0.222567	0.224315	0.225113	0.225098	0.223111	0.224683	0.223243	0.224246	
0.198539	0.217582	0.217688	0.398294	0.228458	0.421088	0.230318	0.224805	0.220213	0.177957	0.206847	0.220113	0.199833	0.185729	0.229787	0.19447	0.180046	0.203058	0.199991	0.204495	0.215462	0.218878	0.226567	0.226597	0.225679	0.225611	0.227149	0.237583	0.227879	0.225637	0.235833	0.234761	0.227711	0.227246	0.236876	0.216747	0.220012	0.214455	0.213521	0.220465	0.222978	0.215441	0.22088	0.22003	0.216817	0.225456	0.222729	0.222616	0.224357	0.225103	0.225088	0.223094	0.22468	0.223188	0.224248	
0.198539	0.218287	0.218412	0.398412	0.228464	0.421436	0.23027	0.224805	0.220215	0.177957	0.206847	0.220127	0.199833	0.185729	0.229862	0.19447	0.180046	0.203058	0.199991	0.204495	0.215462	0.218878	0.226567	0.226597	0.225679	0.229524	0.226735	0.236599	0.227879	0.226932	0.235801	0.234761	0.227561	0.227963	0.237586	0.216747	0.220012	0.214455	0.213521	0.220465	0.222978	0.215441	0.22088	0.22003	0.216817	0.225492	0.222788	0.222677	0.224385	0.225097	0.22507	0.2231	0.224675	0.223092	0.224239	
0.198539	0.218906	0.218935	0.398485	0.228493	0.42174	0.230244	0.224805	0.22022	0.177957	0.206847	0.220124	0.199833	0.185729	0.229919	0.19447	0.180046	0.203058	0.199991	0.204495	0.215462	0.218878	0.226567	0.226597	0.225679	0.232838	0.226612	0.23544	0.227879	0.229077	0.235745	0.234761	0.227446	0.22854	0.238425	0.216747	0.220012	0.214455	0.213521	0.220465	0.222978	0.215441	0.22088	0.22003	0.216817	0.225567	0.222876	0.22274	0.2244	0.225086	0.225047	0.223133	0.224664	0.222982	0.224228	
0.198539	0.219304	0.219261	0.225808	0.228535	0.21449	0.230242	0.224805	0.220227	0.177957	0.206847	0.220122	0.199833	0.185729	0.229944	0.19447	0.180046	0.203058	0.199991	0.204495	0.215462	0.218878	0.226567	0.226597	0.225679	0.235197	0.2266	0.234547	0.227876	0.231858	0.235755	0.234761	0.227377	0.229098	0.239259	0.216747	0.220012	0.214455	0.213521	0.220465	0.222978	0.215441	0.22088	0.22003	0.216817	0.225657	0.222977	0.222796	0.224406	0.225066	0.225023	0.223189	0.22464	0.222913	0.22421	
0.198539	0.219469	0.219488	0.225824	0.228568	0.214985	0.23025	0.224805	0.220234	0.177957	0.206847	0.220122	0.199833	0.185729	0.229932	0.19447	0.180046	0.203058	0.199991	0.204495	0.215462	0.218878	0.226567	0.226597	0.225679	0.236792	0.226614	0.234075	0.227852	0.234801	0.236042	0.234761	0.227343	0.229826	0.239819	0.216747	0.220012	0.214455	0.213521	0.220465	0.222978	0.215441	0.22088	0.22003	0.216817	0.225732	0.223069	0.322678	0.224409	0.225039	0.225	0.223254	0.224606	0.222923	0.224187	
0.198539	0.21951	0.219699	0.225834	0.22857	0.215627	0.230261	0.224805	0.220238	0.177957	0.206847	0.220122	0.199833	0.185729	0.229905	0.19447	0.180046	0.203058	0.199991	0.204495	0.215462	0.218878	0.226567	0.226597	0.225679	0.331495	0.226642	0.234108	0.227837	0.237525	0.236662	0.234761	0.325447	0.230843	0.239993	0.216747	0.220012	0.214455	0.213521	0.220465	0.222978	0.215441	0.22088	0.22003	0.216817	0.225762	0.22313	0.3227	0.22441	0.225011	0.224976	0.22331	0.22457	0.223005	0.224172	
0.198539	0.219577	0.425423	0.225877	0.228544	0.216277	0.230271	0.224805	0.22024	0.177957	0.206847	0.220122	0.199833	0.185729	0.229885	0.19447	0.180046	0.203058	0.199991	0.204495	0.215462	0.218878	0.226567	0.226597	0.225679	0.332747	0.226685	0.234517	0.227935	0.239862	0.237641	0.234761	0.325412	0.231991	0.23988	0.216747	0.220012	0.214455	0.213521	0.220465	0.222978	0.215441	0.22088	0.22003	0.216817	0.22575	0.223155	0.322701	0.224409	0.224991	0.224946	0.22334	0.22455	0.22311	0.22417	
0.198539	0.219775	0.425683	0.22597	0.228513	0.216817	0.230287	0.224805	0.22024	0.177957	0.206847	0.220122	0.199833	0.185729	0.229889	0.19447	0.180046	0.203058	0.199991	0.204495	0.215462	0.218878	0.226567	0.226597	0.225679	0.33387	0.226729	0.235173	0.228309	0.241828	0.238915	0.234761	0.325387	0.232846	0.239653	0.216747	0.220012	0.214455	0.213521	0.220465	0.222978	0.215441	0.22088	0.22003	0.216817	0.22572	0.223153	0.222846	0.224403	0.224981	0.224909	0.223343	0.224555	0.223184	0.224183	
0.198539	0.220101	0.426056	0.226097	0.228512	0.322038	0.23031	0.224805	0.22024	0.177957	0.206847	0.220122	0.199833	0.185729	0.229916	0.19447	0.180046	0.203058	0.199991	0.204495	0.215462	0.218878	0.226567	0.226597	0.225679	0.241052	0.226776	0.236044	0.229133	0.243487	0.240288	0.234757	0.227243	0.233276	0.239392	0.216747	0.220012	0.214455	0.213521	0.220465	0.222978	0.215441	0.22088	0.22003	0.216817	0.225698	0.223146	0.222825	0.2244	0.224977	0.224869	0.223334	0.224581	0.223205	0.224199	
0.198539	0.220481	0.221068	0.226227	0.228548	0.322378	0.230333	0.224805	0.22024	0.177957	0.206847	0.220122	0.199833	0.185729	0.229956	0.19447	0.180046	0.203058	0.199991	0.204495	0.215462	0.218878	0.226567	0.226597	0.225679	0.240853	0.226814	0.236881	0.230472	0.244637	0.24156	0.234758	0.227241	0.233206	0.239004	0.216747	0.220012	0.214455	0.213521	0.220465	0.222978	0.215441	0.22088	0.22003	0.216817	0.225697	0.22315	0.22281	0.224409	0.224974	0.22483	0.427769	0.224614	0.223189	0.224206	
0.198539	0.220847	0.221663	0.226349	0.228616	0.322659	0.230348	0.224805	0.22024	0.177957	0.206847	0.220122	0.199833	0.185729	0.229994	0.19447	0.180046	0.203058	0.199991	0.204495	0.215462	0.218878	0.226567	0.226597	0.225679	0.239979	0.226754	0.237472	0.232117	0.2452	0.242521	0.234801	0.227242	0.232619	0.238289	0.216747	0.220012	0.214455	0.213521	0.220465	0.222978	0.215441	0.22088	0.22003	0.216817	0.225713	0.22317	0.222814	0.224447	0.224967	0.224801	0.427788	0.224637	0.223167	0.224199	
0.198539	0.221175	0.222197	0.22647	0.228721	0.218135	0.23036	0.224805	0.22024	0.177957	0.206847	0.220122	0.199833	0.185729	0.230025	0.19447	0.180046	0.203058	0.199991	0.204495	0.215462	0.218878	0.226567	0.226597	0.225679	0.238828	0.226406	0.237629	0.233696	0.24517	0.243026	0.234881	0.227242	0.231627	0.237113	0.216747	0.220012	0.214455	0.213521	0.220465	0.222978	0.215441	0.22088	0.22003	0.216817	0.225725	0.223199	0.397505	0.224515	0.224964	0.224792	0.42782	0.22465	0.223155	0.224188	
0.198539	0.221462	0.397285	0.226596	0.22885	0.218497	0.230384	0.224805	0.22024	0.177957	0.206847	0.220122	0.199833	0.185729	0.230062	0.19447	0.180046	0.203058	0.199991	0.204495	0.215462	0.218878	0.226567	0.226597	0.225679	0.237737	0.225632	0.237262	0.234886	0.244545	0.24291	0.234891	0.227242	0.230351	0.23554	0.216747	0.220012	0.214455	0.213521	0.220465	0.222978	0.215441	0.22088	0.22003	0.216817	0.225714	0.223227	0.397544	0.224601	0.224979	0.224805	0.223425	0.224664	0.223153	0.224186	
0.198539	0.221706	0.602079	0.226717	0.228976	0.218991	0.230432	0.224805	0.22024	0.177957	0.206847	0.220122	0.199833	0.185729	0.230113	0.19447	0.180046	0.203058	0.199991	0.204495	0.215462	0.218878	0.226567	0.226597	0.225679	0.236853	0.224524	0.236512	0.235659	0.24336	0.241932	0.234715	0.227244	0.2292	0.23372	0.216747	0.220012	0.214455	0.213521	0.220465	0.222978	0.215441	0.22088	0.22003	0.216817	0.225678	0.223246	0.397578	0.224678	0.225022	0.224831	0.223453	0.224685	0.223164	0.224194	
0.198539	0.221932	0.602269	0.226809	0.229078	0.219572	0.230502	0.224805	0.22024	0.177957	0.206847	0.220122	0.199833	0.185729	0.230174	0.19447	0.180046	0.203058	0.199991	0.204495	0.215462	0.218878	0.226567	0.226597	0.225679	0.436515	0.223359	0.235565	0.23615	0.241682	0.240204	0.234339	0.227226	0.228467	0.231849	0.216747	0.220012	0.214455	0.213521	0.220465	0.222978	0.215441	0.22088	0.22003	0.216817	0.225634	0.223256	0.222927	0.224726	0.22509	0.224849	0.223464	0.224711	0.223202	0.224208	
0.198539	0.222181	0.427815	0.226864	0.229143	0.220115	0.230572	0.224805	0.22024	0.177957	0.206847	0.220122	0.199833	0.185729	0.230237	0.19447	0.180046	0.203058	0.199991	0.204495	0.215462	0.218878	0.226567	0.226597	0.225679	0.435641	0.22237	0.23473	0.236452	0.239754	0.238028	0.233901	0.227186	0.228201	0.230162	0.216747	0.220012	0.214455	0.213521	0.220465	0.222978	0.215441	0.22088	0.22003	0.216817	0.225604	0.223265	0.222918	0.224743	0.225164	0.22485	0.223457	0.224733	0.22329	0.224221	
0.198539	0.222479	0.2236	0.226894	0.229169	0.220513	0.230621	0.224805	0.22024	0.177957	0.206847	0.220122	0.199833	0.185729	0.432394	0.19447	0.180046	0.203058	0.199991	0.204495	0.215462	0.218878	0.226567	0.226597	0.225679	0.434466	0.221572	0.234217	0.236491	0.237867	0.235832	0.233595	0.227222	0.22838	0.228886	0.216747	0.220012	0.214455	0.213521	0.220465	0.222978	0.215441	0.22088	0.22003	0.216817	0.225596	0.223281	0.222901	0.224741	0.225222	0.224847	0.22344	0.224745	0.223431	0.224233	
0.198539	0.22282	0.223984	0.226921	0.229163	0.22075	0.230636	0.224805	0.22024	0.177957	0.206847	0.220122	0.199833	0.185729	0.432438	0.19447	0.180046	0.203058	0.199991	0.204495	0.215462	0.218878	0.226567	0.226597	0.225679	0.232513	0.220821	0.23402	0.236024	0.236342	0.234184	0.233518	0.2274	0.228813	0.228133	0.216747	0.220012	0.214455	0.213521	0.220465	0.222978	0.215441	0.22088	0.22003	0.216817	0.225605	0.223311	0.222891	0.224738	0.225258	0.224862	0.223424	0.224747	0.2236	0.224247	
0.198539	0.223167	0.428338	0.226969	0.229141	0.220885	0.230624	0.224805	0.22024	0.177957	0.206847	0.220122	0.199833	0.185729	0.432466	0.19447	0.180046	0.203058	0.199991	0.204495	0.215462	0.218878	0.226567	0.226597	0.225679	0.230799	0.219977	0.234003	0.234872	0.235334	0.233376	0.233599	0.227732	0.229453	0.227781	0.216747	0.220012	0.214455	0.213521	0.220465	0.222978	0.215441	0.22088	0.22003	0.216817	0.225614	0.22335	0.222896	0.224743	0.225284	0.224892	0.223414	0.224742	0.223745	0.224263	
0.198539	0.223471	0.428565	0.227048	0.229115	0.220998	0.230602	0.224805	0.22024	0.177957	0.206847	0.220122	0.199833	0.185729	0.230375	0.19447	0.180046	0.203058	0.199991	0.204495	0.215462	0.218878	0.226567	0.226597	0.225679	0.229132	0.21908	0.233971	0.233158	0.234805	0.233302	0.233677	0.22814	0.230162	0.2276	0.216747	0.220012	0.214455	0.213521	0.220465	0.222978	0.215441	0.22088	0.22003	0.216817	0.225608	0.223381	0.2229	0.224751	0.225311	0.224915	0.223412	0.224739	0.223815	0.224273	
0.198539	0.223702	0.4287	0.227149	0.229088	0.221144	0.230581	0.224805	0.22024	0.177957	0.206847	0.220122	0.199833	0.185729	0.230369	0.19447	0.180046	0.203058	0.199991	0.204495	0.215462	0.218878	0.226567	0.226597	0.225679	0.227804	0.218353	0.233902	0.231328	0.23453	0.233726	0.233588	0.228496	0.230693	0.227394	0.216747	0.220012	0.214455	0.213521	0.220465	0.222978	0.215441	0.22088	0.22003	0.216817	0.225585	0.223372	0.222895	0.224758	0.22534	0.224903	0.223411	0.224742	0.223787	0.224269	
0.198539	0.223873	0.224769	0.398831	0.229059	0.321685	0.230569	0.224805	0.22024	0.177957	0.206847	0.220122	0.199833	0.185729	0.23035	0.19447	0.180046	0.203058	0.199991	0.204495	0.215462	0.218878	0.226567	0.226597	0.225679	0.226952	0.217986	0.233832	0.229824	0.234228	0.234292	0.23342	0.228725	0.230948	0.2271	0.216747	0.220012	0.214455	0.213521	0.220465	0.222978	0.215441	0.22088	0.22003	0.216817	0.225551	0.22331	0.222877	0.22476	0.225367	0.224847	0.223417	0.224749	0.223683	0.224257	
0.198539	0.224019	0.224857	0.398906	0.229029	0.32191	0.230569	0.224805	0.22024	0.177957	0.206847	0.220122	0.199833	0.185729	0.230327	0.19447	0.180046	0.203058	0.199991	0.204495	0.215462	0.218878	0.226567	0.226597	0.225679	0.226532	0.217954	0.233782	0.228837	0.233861	0.234775	0.233702	0.228938	0.230874	0.226767	0.216747	0.220012	0.214455	0.213521	0.220465	0.222978	0.215441	0.22088	0.22003	0.216817	0.225516	0.223208	0.222857	0.224761	0.225393	0.224771	0.223439	0.224761	0.223556	0.224247	
0.198539	0.224175	0.224937	0.398961	0.228999	0.322137	0.230577	0.224805	0.22024	0.177957	0.206847	0.220122	0.199833	0.185729	0.230315	0.19447	0.180046	0.203058	0.199991	0.204495	0.215462	0.218878	0.226567	0.226597	0.225679	0.226352	0.218073	0.233759	0.228227	0.233582	0.235006	0.234977	0.229379	0.230519	0.226459	0.216747	0.220012	0.214455	0.213521	0.220465	0.222978	0.215441	0.22088	0.22003	0.216817	0.225489	0.223106	0.222852	0.224761	0.225431	0.224708	0.223476	0.224775	0.223457	0.224252	